,Mo_4dzy
-62.393,1.38565e-10
-62.382999999999996,2.1909999999999995e-10
-62.37299999999999,3.444880000000001e-10
-62.363,5.341600000000001e-10
-62.352999999999994,8.202900000000003e-10
-62.343,1.2483600000000002e-09
-62.333,1.87997e-09
-62.32299999999999,2.8001299999999995e-09
-62.313,4.138400000000001e-09
-62.303,6.0553e-09
-62.29299999999999,8.771799999999998e-09
-62.283,1.25815e-08
-62.272999999999996,1.7884399999999998e-08
-62.26299999999999,2.5137000000000005e-08
-62.253,3.5126999999999994e-08
-62.242999999999995,4.8518e-08
-62.23299999999999,6.6405e-08
-62.223,9.011700000000001e-08
-62.212999999999994,1.2125099999999998e-07
-62.203,1.6162e-07
-62.193,2.1363e-07
-62.18299999999999,2.8032999999999997e-07
-62.173,3.6417999999999976e-07
-62.163,4.688199999999999e-07
-62.15299999999999,5.997499999999997e-07
-62.143,7.604199999999999e-07
-62.132999999999996,9.574099999999998e-07
-62.12299999999999,1.19462e-06
-62.113,1.4805000000000003e-06
-62.102999999999994,1.8205999999999996e-06
-62.093,2.2228e-06
-62.083,2.694200000000001e-06
-62.07299999999999,3.2394999999999996e-06
-62.063,3.8675e-06
-62.053,4.5846e-06
-62.04299999999999,5.3948e-06
-62.033,6.310199999999999e-06
-62.022999999999996,7.321899999999999e-06
-62.01299999999999,8.447600000000002e-06
-62.003,9.662200000000002e-06
-61.992999999999995,1.0986700000000006e-05
-61.98299999999999,1.241e-05
-61.973,1.3904000000000001e-05
-61.962999999999994,1.5473000000000002e-05
-61.953,1.711e-05
-61.943,1.8780999999999995e-05
-61.93299999999999,2.0475e-05
-61.923,2.2176e-05
-61.913,2.3793999999999996e-05
-61.90299999999999,2.5472000000000006e-05
-61.893,2.703900000000001e-05
-61.882999999999996,2.8455999999999993e-05
-61.87299999999999,2.9780000000000006e-05
-61.863,3.1005000000000006e-05
-61.852999999999994,3.205400000000001e-05
-61.843,3.2921e-05
-61.833,3.3609e-05
-61.82299999999999,3.407299999999999e-05
-61.813,3.4262000000000005e-05
-61.803,3.4299e-05
-61.79299999999999,3.4149699999999996e-05
-61.783,3.38093e-05
-61.772999999999996,3.31584e-05
-61.76299999999999,3.23902e-05
-61.753,3.1501399999999996e-05
-61.742999999999995,3.0311100000000002e-05
-61.73299999999999,2.9032800000000004e-05
-61.723,2.7610700000000003e-05
-61.712999999999994,2.608060000000001e-05
-61.703,2.4459799999999992e-05
-61.693,2.2777800000000007e-05
-61.68299999999999,2.1060799999999993e-05
-61.673,1.9312200000000008e-05
-61.663,1.7568199999999992e-05
-61.65299999999999,1.585897e-05
-61.643,1.418998e-05
-61.632999999999996,1.2610949999999993e-05
-61.62299999999999,1.109749e-05
-61.613,9.68716e-06
-61.602999999999994,8.35786e-06
-61.593,7.179019999999999e-06
-61.583,6.092050000000001e-06
-61.57299999999999,5.11736e-06
-61.563,4.257126999999999e-06
-61.553,3.516491e-06
-61.54299999999999,2.872921e-06
-61.533,2.3239169999999997e-06
-61.522999999999996,1.860970000000001e-06
-61.51299999999999,1.474394e-06
-61.503,1.1576894000000002e-06
-61.492999999999995,8.998435000000001e-07
-61.48299999999999,6.898292999999999e-07
-61.473,5.274141999999999e-07
-61.462999999999994,3.958831000000001e-07
-61.453,2.9519582e-07
-61.443,2.1778493999999998e-07
-61.43299999999999,1.5892636e-07
-61.423,1.1485679000000007e-07
-61.413,8.20953e-08
-61.40299999999999,5.803854099999998e-08
-61.393,4.060112e-08
-61.382999999999996,2.8108027999999995e-08
-61.37299999999999,1.9246764999999995e-08
-61.363,1.3037297500000003e-08
-61.352999999999994,8.751500600000001e-09
-61.343,5.801394100000001e-09
-61.333,3.8089936e-09
-61.32299999999999,2.474010829999999e-09
-61.313,1.5886242700000005e-09
-61.303,1.0092021499999998e-09
-61.29299999999999,6.339464799999999e-10
-61.283,3.9571768299999994e-10
-61.272999999999996,2.4301192e-10
-61.26299999999999,1.4795718100000002e-10
-61.253,8.915557599999998e-11
-61.242999999999995,5.306398080000001e-11
-61.23299999999999,3.128376770000001e-11
-61.223,1.8248962e-11
-61.212999999999994,1.0522819630000001e-11
-61.203,6.0017748899999985e-12
-61.193,3.3913014599999992e-12
-61.18299999999999,1.894510286e-12
-61.173,1.04541353269e-12
-61.163,5.7201654528e-13
-61.15299999999999,3.093204664279999e-13
-61.143,1.65384449653e-13
-61.132999999999996,8.7594162704e-14
-61.12299999999999,4.5773581953e-14
-61.113,2.3708969371e-14
-61.102999999999994,1.2147326555399998e-14
-61.093,6.166020690800001e-15
-61.083,3.08813485077e-15
-61.07299999999999,1.53125818665e-15
-61.063,7.5224082215e-16
-61.053,3.6483755768000014e-16
-61.04299999999999,1.7531855442199998e-16
-61.033,8.3141721383e-17
-61.022999999999996,0.0
-61.01299999999999,0.0
-61.003,0.0
-60.992999999999995,0.0
-60.98299999999999,0.0
-60.973,0.0
-60.962999999999994,0.0
-60.953,0.0
-60.943,0.0
-60.93299999999999,0.0
-60.923,0.0
-60.913,0.0
-60.90299999999999,0.0
-60.893,0.0
-60.882999999999996,0.0
-60.87299999999999,0.0
-60.863,0.0
-60.852999999999994,0.0
-60.843,0.0
-60.833,0.0
-60.82299999999999,0.0
-60.813,0.0
-60.803,0.0
-60.79299999999999,0.0
-60.783,0.0
-60.772999999999996,0.0
-60.76299999999999,0.0
-60.753,0.0
-60.742999999999995,0.0
-60.73299999999999,0.0
-60.723,0.0
-60.712999999999994,0.0
-60.703,0.0
-60.693,0.0
-60.68299999999999,0.0
-60.673,0.0
-60.663,0.0
-60.65299999999999,0.0
-60.643,0.0
-60.632999999999996,0.0
-60.62299999999999,0.0
-60.613,0.0
-60.602999999999994,0.0
-60.593,0.0
-60.583,0.0
-60.57299999999999,0.0
-60.563,0.0
-60.553,0.0
-60.54299999999999,0.0
-60.533,0.0
-60.522999999999996,0.0
-60.51299999999999,0.0
-60.503,0.0
-60.492999999999995,0.0
-60.48299999999999,0.0
-60.473,0.0
-60.462999999999994,0.0
-60.453,0.0
-60.443,0.0
-60.43299999999999,0.0
-60.423,0.0
-60.413,0.0
-60.40299999999999,0.0
-60.393,0.0
-60.382999999999996,0.0
-60.37299999999999,0.0
-60.363,0.0
-60.352999999999994,0.0
-60.343,0.0
-60.333,0.0
-60.32299999999999,0.0
-60.313,0.0
-60.303,0.0
-60.29299999999999,0.0
-60.283,0.0
-60.272999999999996,0.0
-60.26299999999999,0.0
-60.253,0.0
-60.242999999999995,0.0
-60.23299999999999,0.0
-60.223,0.0
-60.212999999999994,0.0
-60.203,0.0
-60.193,0.0
-60.18299999999999,0.0
-60.173,0.0
-60.163,0.0
-60.15299999999999,0.0
-60.143,0.0
-60.132999999999996,0.0
-60.12299999999999,0.0
-60.113,0.0
-60.102999999999994,0.0
-60.093,0.0
-60.083,0.0
-60.07299999999999,0.0
-60.063,0.0
-60.053,0.0
-60.04299999999999,0.0
-60.033,0.0
-60.022999999999996,0.0
-60.01299999999999,0.0
-60.003,0.0
-59.992999999999995,0.0
-59.98299999999999,0.0
-59.973,0.0
-59.962999999999994,0.0
-59.953,0.0
-59.943,0.0
-59.93299999999999,0.0
-59.923,0.0
-59.913,0.0
-59.90299999999999,0.0
-59.893,0.0
-59.882999999999996,0.0
-59.87299999999999,0.0
-59.863,0.0
-59.852999999999994,0.0
-59.843,0.0
-59.833,0.0
-59.82299999999999,0.0
-59.813,0.0
-59.803,0.0
-59.79299999999999,0.0
-59.783,0.0
-59.772999999999996,0.0
-59.76299999999999,0.0
-59.753,0.0
-59.742999999999995,0.0
-59.73299999999999,0.0
-59.723,0.0
-59.712999999999994,0.0
-59.703,0.0
-59.693,0.0
-59.68299999999999,0.0
-59.673,0.0
-59.663,0.0
-59.65299999999999,0.0
-59.643,0.0
-59.632999999999996,0.0
-59.62299999999999,0.0
-59.613,0.0
-59.602999999999994,0.0
-59.593,0.0
-59.583,0.0
-59.57299999999999,0.0
-59.563,0.0
-59.553,0.0
-59.54299999999999,0.0
-59.533,0.0
-59.522999999999996,0.0
-59.51299999999999,0.0
-59.503,0.0
-59.492999999999995,0.0
-59.48299999999999,0.0
-59.473,0.0
-59.462999999999994,0.0
-59.453,0.0
-59.443,0.0
-59.43299999999999,0.0
-59.423,0.0
-59.413,0.0
-59.40299999999999,0.0
-59.393,0.0
-59.382999999999996,0.0
-59.37299999999999,0.0
-59.363,0.0
-59.352999999999994,0.0
-59.343,0.0
-59.333,0.0
-59.32299999999999,0.0
-59.313,0.0
-59.303,0.0
-59.29299999999999,0.0
-59.283,0.0
-59.272999999999996,0.0
-59.26299999999999,0.0
-59.253,0.0
-59.242999999999995,0.0
-59.23299999999999,0.0
-59.223,0.0
-59.212999999999994,0.0
-59.203,0.0
-59.193,0.0
-59.18299999999999,0.0
-59.173,0.0
-59.163,0.0
-59.153000000000006,0.0
-59.143,0.0
-59.132999999999996,0.0
-59.123000000000005,0.0
-59.113,0.0
-59.102999999999994,0.0
-59.093,0.0
-59.083,0.0
-59.07299999999999,0.0
-59.063,0.0
-59.053,0.0
-59.043000000000006,0.0
-59.033,0.0
-59.022999999999996,0.0
-59.013000000000005,0.0
-59.003,0.0
-58.992999999999995,0.0
-58.983000000000004,0.0
-58.973,0.0
-58.962999999999994,0.0
-58.953,0.0
-58.943,0.0
-58.93300000000001,0.0
-58.923,0.0
-58.913,0.0
-58.903000000000006,0.0
-58.893,0.0
-58.882999999999996,0.0
-58.873000000000005,0.0
-58.863,0.0
-58.852999999999994,0.0
-58.843,0.0
-58.833,0.0
-58.82299999999999,0.0
-58.813,0.0
-58.803,0.0
-58.793000000000006,0.0
-58.783,0.0
-58.772999999999996,0.0
-58.763000000000005,0.0
-58.753,0.0
-58.742999999999995,0.0
-58.733000000000004,0.0
-58.723,0.0
-58.712999999999994,0.0
-58.703,0.0
-58.693,0.0
-58.68300000000001,0.0
-58.673,0.0
-58.663,0.0
-58.653000000000006,0.0
-58.643,0.0
-58.632999999999996,0.0
-58.623000000000005,0.0
-58.613,0.0
-58.602999999999994,0.0
-58.593,0.0
-58.583,0.0
-58.57299999999999,0.0
-58.563,0.0
-58.553,0.0
-58.543000000000006,0.0
-58.533,0.0
-58.522999999999996,0.0
-58.513000000000005,0.0
-58.503,0.0
-58.492999999999995,0.0
-58.483000000000004,0.0
-58.473,0.0
-58.462999999999994,0.0
-58.453,0.0
-58.443,0.0
-58.43300000000001,0.0
-58.423,0.0
-58.413,0.0
-58.403000000000006,0.0
-58.393,0.0
-58.382999999999996,0.0
-58.373000000000005,0.0
-58.363,0.0
-58.352999999999994,0.0
-58.343,0.0
-58.333,0.0
-58.32299999999999,0.0
-58.313,0.0
-58.303,0.0
-58.293000000000006,0.0
-58.283,0.0
-58.272999999999996,0.0
-58.263000000000005,0.0
-58.253,0.0
-58.242999999999995,0.0
-58.233000000000004,0.0
-58.223,0.0
-58.212999999999994,0.0
-58.203,0.0
-58.193,0.0
-58.18300000000001,0.0
-58.173,0.0
-58.163,0.0
-58.153000000000006,0.0
-58.143,0.0
-58.132999999999996,0.0
-58.123000000000005,0.0
-58.113,0.0
-58.102999999999994,0.0
-58.093,0.0
-58.083,0.0
-58.07299999999999,0.0
-58.063,0.0
-58.053,0.0
-58.043000000000006,0.0
-58.033,0.0
-58.022999999999996,0.0
-58.013000000000005,0.0
-58.003,0.0
-57.992999999999995,0.0
-57.983000000000004,0.0
-57.973,0.0
-57.962999999999994,0.0
-57.953,0.0
-57.943,0.0
-57.93300000000001,0.0
-57.923,0.0
-57.913,0.0
-57.903000000000006,0.0
-57.893,0.0
-57.882999999999996,0.0
-57.873000000000005,0.0
-57.863,0.0
-57.852999999999994,0.0
-57.843,0.0
-57.833,0.0
-57.82299999999999,0.0
-57.813,0.0
-57.803,0.0
-57.793000000000006,0.0
-57.783,0.0
-57.772999999999996,0.0
-57.763000000000005,0.0
-57.753,0.0
-57.742999999999995,0.0
-57.733000000000004,0.0
-57.723,0.0
-57.712999999999994,0.0
-57.703,0.0
-57.693,0.0
-57.68300000000001,0.0
-57.673,0.0
-57.663,0.0
-57.653000000000006,0.0
-57.643,0.0
-57.632999999999996,0.0
-57.623000000000005,0.0
-57.613,0.0
-57.602999999999994,0.0
-57.593,0.0
-57.583,0.0
-57.57299999999999,0.0
-57.563,0.0
-57.553,0.0
-57.543000000000006,0.0
-57.533,0.0
-57.522999999999996,0.0
-57.513000000000005,0.0
-57.503,0.0
-57.492999999999995,0.0
-57.483000000000004,0.0
-57.473,0.0
-57.462999999999994,0.0
-57.453,0.0
-57.443,0.0
-57.43300000000001,0.0
-57.423,0.0
-57.413,0.0
-57.403000000000006,0.0
-57.393,0.0
-57.382999999999996,0.0
-57.373000000000005,0.0
-57.363,0.0
-57.352999999999994,0.0
-57.343,0.0
-57.333,0.0
-57.32299999999999,0.0
-57.313,0.0
-57.303,0.0
-57.293000000000006,0.0
-57.283,0.0
-57.272999999999996,0.0
-57.263000000000005,0.0
-57.253,0.0
-57.242999999999995,0.0
-57.233000000000004,0.0
-57.223,0.0
-57.212999999999994,0.0
-57.203,0.0
-57.193,0.0
-57.18300000000001,0.0
-57.173,0.0
-57.163,0.0
-57.153000000000006,0.0
-57.143,0.0
-57.132999999999996,0.0
-57.123000000000005,0.0
-57.113,0.0
-57.102999999999994,0.0
-57.093,0.0
-57.083,0.0
-57.07299999999999,0.0
-57.063,0.0
-57.053,0.0
-57.043000000000006,0.0
-57.033,0.0
-57.022999999999996,0.0
-57.013000000000005,0.0
-57.003,0.0
-56.992999999999995,0.0
-56.983000000000004,0.0
-56.973,0.0
-56.962999999999994,0.0
-56.953,0.0
-56.943,0.0
-56.93300000000001,0.0
-56.923,0.0
-56.913,0.0
-56.903000000000006,0.0
-56.893,0.0
-56.882999999999996,0.0
-56.873000000000005,0.0
-56.863,0.0
-56.852999999999994,0.0
-56.843,0.0
-56.833,0.0
-56.82299999999999,0.0
-56.813,0.0
-56.803,0.0
-56.793000000000006,0.0
-56.783,0.0
-56.772999999999996,0.0
-56.763000000000005,0.0
-56.753,0.0
-56.742999999999995,0.0
-56.733000000000004,0.0
-56.723,0.0
-56.712999999999994,0.0
-56.703,0.0
-56.693,0.0
-56.68300000000001,0.0
-56.673,0.0
-56.663,0.0
-56.653000000000006,0.0
-56.643,0.0
-56.632999999999996,0.0
-56.623000000000005,0.0
-56.613,0.0
-56.602999999999994,0.0
-56.593,0.0
-56.583,0.0
-56.57299999999999,0.0
-56.563,0.0
-56.553,0.0
-56.543000000000006,0.0
-56.533,0.0
-56.522999999999996,0.0
-56.513000000000005,0.0
-56.503,0.0
-56.492999999999995,0.0
-56.483000000000004,0.0
-56.473,0.0
-56.462999999999994,0.0
-56.453,0.0
-56.443,0.0
-56.43300000000001,0.0
-56.423,0.0
-56.413,0.0
-56.403000000000006,0.0
-56.393,0.0
-56.382999999999996,0.0
-56.373000000000005,0.0
-56.363,0.0
-56.352999999999994,0.0
-56.343,0.0
-56.333,0.0
-56.32299999999999,0.0
-56.313,0.0
-56.303,0.0
-56.293000000000006,0.0
-56.283,0.0
-56.272999999999996,0.0
-56.263000000000005,0.0
-56.253,0.0
-56.242999999999995,0.0
-56.233000000000004,0.0
-56.223,0.0
-56.212999999999994,0.0
-56.203,0.0
-56.193,0.0
-56.18300000000001,0.0
-56.173,0.0
-56.163,0.0
-56.153000000000006,0.0
-56.143,0.0
-56.132999999999996,0.0
-56.123000000000005,0.0
-56.113,0.0
-56.102999999999994,0.0
-56.093,0.0
-56.083,0.0
-56.07299999999999,0.0
-56.063,0.0
-56.053,0.0
-56.043000000000006,0.0
-56.033,0.0
-56.022999999999996,0.0
-56.013000000000005,0.0
-56.003,0.0
-55.992999999999995,0.0
-55.983000000000004,0.0
-55.973,0.0
-55.962999999999994,0.0
-55.953,0.0
-55.943,0.0
-55.93300000000001,0.0
-55.923,0.0
-55.913,0.0
-55.903000000000006,0.0
-55.893,0.0
-55.882999999999996,0.0
-55.873000000000005,0.0
-55.863,0.0
-55.852999999999994,0.0
-55.843,0.0
-55.833,0.0
-55.82299999999999,0.0
-55.813,0.0
-55.803,0.0
-55.793000000000006,0.0
-55.783,0.0
-55.772999999999996,0.0
-55.763000000000005,0.0
-55.753,0.0
-55.742999999999995,0.0
-55.733000000000004,0.0
-55.723,0.0
-55.712999999999994,0.0
-55.703,0.0
-55.693,0.0
-55.68300000000001,0.0
-55.673,0.0
-55.663,0.0
-55.653000000000006,0.0
-55.643,0.0
-55.632999999999996,0.0
-55.623000000000005,0.0
-55.613,0.0
-55.602999999999994,0.0
-55.593,0.0
-55.583,0.0
-55.57299999999999,0.0
-55.563,0.0
-55.553,0.0
-55.543000000000006,0.0
-55.533,0.0
-55.522999999999996,0.0
-55.513000000000005,0.0
-55.503,0.0
-55.492999999999995,0.0
-55.483000000000004,0.0
-55.473,0.0
-55.462999999999994,0.0
-55.453,0.0
-55.443,0.0
-55.43300000000001,0.0
-55.423,0.0
-55.413,0.0
-55.403000000000006,0.0
-55.393,0.0
-55.382999999999996,0.0
-55.373000000000005,0.0
-55.363,0.0
-55.352999999999994,0.0
-55.343,0.0
-55.333,0.0
-55.32299999999999,0.0
-55.313,0.0
-55.303,0.0
-55.293000000000006,0.0
-55.283,0.0
-55.272999999999996,0.0
-55.263000000000005,0.0
-55.253,0.0
-55.242999999999995,0.0
-55.233000000000004,0.0
-55.223,0.0
-55.212999999999994,0.0
-55.203,0.0
-55.193,0.0
-55.18300000000001,0.0
-55.173,0.0
-55.163,0.0
-55.153000000000006,0.0
-55.143,0.0
-55.132999999999996,0.0
-55.123000000000005,0.0
-55.113,0.0
-55.102999999999994,0.0
-55.093,0.0
-55.083,0.0
-55.07299999999999,0.0
-55.063,0.0
-55.053,0.0
-55.043000000000006,0.0
-55.033,0.0
-55.022999999999996,0.0
-55.013000000000005,0.0
-55.003,0.0
-54.992999999999995,0.0
-54.983000000000004,0.0
-54.973,0.0
-54.962999999999994,0.0
-54.953,0.0
-54.943,0.0
-54.93300000000001,0.0
-54.923,0.0
-54.913,0.0
-54.903000000000006,0.0
-54.893,0.0
-54.882999999999996,0.0
-54.873000000000005,0.0
-54.863,0.0
-54.852999999999994,0.0
-54.843,0.0
-54.833,0.0
-54.82299999999999,0.0
-54.813,0.0
-54.803,0.0
-54.793000000000006,0.0
-54.783,0.0
-54.772999999999996,0.0
-54.763000000000005,0.0
-54.753,0.0
-54.742999999999995,0.0
-54.733000000000004,0.0
-54.723,0.0
-54.712999999999994,0.0
-54.703,0.0
-54.693,0.0
-54.68300000000001,0.0
-54.673,0.0
-54.663,0.0
-54.653000000000006,0.0
-54.643,0.0
-54.632999999999996,0.0
-54.623000000000005,0.0
-54.613,0.0
-54.602999999999994,0.0
-54.593,0.0
-54.583,0.0
-54.57299999999999,0.0
-54.563,0.0
-54.553,0.0
-54.543000000000006,0.0
-54.533,0.0
-54.522999999999996,0.0
-54.513000000000005,0.0
-54.503,0.0
-54.492999999999995,0.0
-54.483000000000004,0.0
-54.473,0.0
-54.462999999999994,0.0
-54.453,0.0
-54.443,0.0
-54.43300000000001,0.0
-54.423,0.0
-54.413,0.0
-54.403000000000006,0.0
-54.393,0.0
-54.382999999999996,0.0
-54.373000000000005,0.0
-54.363,0.0
-54.352999999999994,0.0
-54.343,0.0
-54.333,0.0
-54.32299999999999,0.0
-54.313,0.0
-54.303,0.0
-54.293000000000006,0.0
-54.283,0.0
-54.272999999999996,0.0
-54.263000000000005,0.0
-54.253,0.0
-54.242999999999995,0.0
-54.233000000000004,0.0
-54.223,0.0
-54.212999999999994,0.0
-54.203,0.0
-54.193,0.0
-54.18300000000001,0.0
-54.173,0.0
-54.163,0.0
-54.153000000000006,0.0
-54.143,0.0
-54.132999999999996,0.0
-54.123000000000005,0.0
-54.113,0.0
-54.102999999999994,0.0
-54.093,0.0
-54.083,0.0
-54.07299999999999,0.0
-54.063,0.0
-54.053,0.0
-54.043000000000006,0.0
-54.033,0.0
-54.022999999999996,0.0
-54.013000000000005,0.0
-54.003,0.0
-53.992999999999995,0.0
-53.983000000000004,0.0
-53.973,0.0
-53.962999999999994,0.0
-53.953,0.0
-53.943,0.0
-53.93300000000001,0.0
-53.923,0.0
-53.913,0.0
-53.903000000000006,0.0
-53.893,0.0
-53.882999999999996,0.0
-53.873000000000005,0.0
-53.863,0.0
-53.852999999999994,0.0
-53.843,0.0
-53.833,0.0
-53.82299999999999,0.0
-53.813,0.0
-53.803,0.0
-53.793000000000006,0.0
-53.783,0.0
-53.772999999999996,0.0
-53.763000000000005,0.0
-53.753,0.0
-53.742999999999995,0.0
-53.733000000000004,0.0
-53.723,0.0
-53.712999999999994,0.0
-53.703,0.0
-53.693,0.0
-53.68300000000001,0.0
-53.673,0.0
-53.663,0.0
-53.653000000000006,0.0
-53.643,0.0
-53.632999999999996,0.0
-53.623000000000005,0.0
-53.613,0.0
-53.602999999999994,0.0
-53.593,0.0
-53.583,0.0
-53.57299999999999,0.0
-53.563,0.0
-53.553,0.0
-53.543000000000006,0.0
-53.533,0.0
-53.522999999999996,0.0
-53.513000000000005,0.0
-53.503,0.0
-53.492999999999995,0.0
-53.483000000000004,0.0
-53.473,0.0
-53.462999999999994,0.0
-53.453,0.0
-53.443,0.0
-53.43300000000001,0.0
-53.423,0.0
-53.413,0.0
-53.403000000000006,0.0
-53.393,0.0
-53.382999999999996,0.0
-53.373000000000005,0.0
-53.363,0.0
-53.352999999999994,0.0
-53.343,0.0
-53.333,0.0
-53.32299999999999,0.0
-53.313,0.0
-53.303,0.0
-53.293000000000006,0.0
-53.283,0.0
-53.272999999999996,0.0
-53.263000000000005,0.0
-53.253,0.0
-53.242999999999995,0.0
-53.233000000000004,0.0
-53.223,0.0
-53.212999999999994,0.0
-53.203,0.0
-53.193,0.0
-53.18300000000001,0.0
-53.173,0.0
-53.163,0.0
-53.153000000000006,0.0
-53.143,0.0
-53.132999999999996,0.0
-53.123000000000005,0.0
-53.113,0.0
-53.102999999999994,0.0
-53.093,0.0
-53.083,0.0
-53.07299999999999,0.0
-53.063,0.0
-53.053,0.0
-53.043000000000006,0.0
-53.033,0.0
-53.022999999999996,0.0
-53.013000000000005,0.0
-53.003,0.0
-52.992999999999995,0.0
-52.983000000000004,0.0
-52.973,0.0
-52.962999999999994,0.0
-52.953,0.0
-52.943,0.0
-52.93300000000001,0.0
-52.923,0.0
-52.913,0.0
-52.903000000000006,0.0
-52.893,0.0
-52.882999999999996,0.0
-52.873000000000005,0.0
-52.863,0.0
-52.852999999999994,0.0
-52.843,0.0
-52.833,0.0
-52.82299999999999,0.0
-52.813,0.0
-52.803,0.0
-52.793000000000006,0.0
-52.783,0.0
-52.772999999999996,0.0
-52.763000000000005,0.0
-52.753,0.0
-52.742999999999995,0.0
-52.733000000000004,0.0
-52.723,0.0
-52.712999999999994,0.0
-52.703,0.0
-52.693,0.0
-52.68300000000001,0.0
-52.673,0.0
-52.663,0.0
-52.653000000000006,0.0
-52.643,0.0
-52.632999999999996,0.0
-52.623000000000005,0.0
-52.613,0.0
-52.602999999999994,0.0
-52.593,0.0
-52.583,0.0
-52.57299999999999,0.0
-52.563,0.0
-52.553,0.0
-52.543000000000006,0.0
-52.533,0.0
-52.522999999999996,0.0
-52.513000000000005,0.0
-52.503,0.0
-52.492999999999995,0.0
-52.483000000000004,0.0
-52.473,0.0
-52.462999999999994,0.0
-52.453,0.0
-52.443,0.0
-52.43300000000001,0.0
-52.423,0.0
-52.413,0.0
-52.403000000000006,0.0
-52.393,0.0
-52.382999999999996,0.0
-52.373000000000005,0.0
-52.363,0.0
-52.352999999999994,0.0
-52.343,0.0
-52.333,0.0
-52.32299999999999,0.0
-52.313,0.0
-52.303,0.0
-52.293000000000006,0.0
-52.283,0.0
-52.272999999999996,0.0
-52.263000000000005,0.0
-52.253,0.0
-52.242999999999995,0.0
-52.233000000000004,0.0
-52.223,0.0
-52.212999999999994,0.0
-52.203,0.0
-52.193,0.0
-52.18300000000001,0.0
-52.173,0.0
-52.163,0.0
-52.153000000000006,0.0
-52.143,0.0
-52.132999999999996,0.0
-52.123000000000005,0.0
-52.113,0.0
-52.102999999999994,0.0
-52.093,0.0
-52.083,0.0
-52.07299999999999,0.0
-52.063,0.0
-52.053,0.0
-52.043000000000006,0.0
-52.033,0.0
-52.022999999999996,0.0
-52.013000000000005,0.0
-52.003,0.0
-51.992999999999995,0.0
-51.983000000000004,0.0
-51.973,0.0
-51.962999999999994,0.0
-51.953,0.0
-51.943,0.0
-51.93300000000001,0.0
-51.923,0.0
-51.913,0.0
-51.903000000000006,0.0
-51.893,0.0
-51.882999999999996,0.0
-51.873000000000005,0.0
-51.863,0.0
-51.852999999999994,0.0
-51.843,0.0
-51.833,0.0
-51.82299999999999,0.0
-51.813,0.0
-51.803,0.0
-51.793000000000006,0.0
-51.783,0.0
-51.772999999999996,0.0
-51.763000000000005,0.0
-51.753,0.0
-51.742999999999995,0.0
-51.733000000000004,0.0
-51.723,0.0
-51.712999999999994,0.0
-51.703,0.0
-51.693,0.0
-51.68300000000001,0.0
-51.673,0.0
-51.663,0.0
-51.653000000000006,0.0
-51.643,0.0
-51.632999999999996,0.0
-51.623000000000005,0.0
-51.613,0.0
-51.602999999999994,0.0
-51.593,0.0
-51.583,0.0
-51.57299999999999,0.0
-51.563,0.0
-51.553,0.0
-51.543000000000006,0.0
-51.533,0.0
-51.522999999999996,0.0
-51.513000000000005,0.0
-51.503,0.0
-51.492999999999995,0.0
-51.483000000000004,0.0
-51.473,0.0
-51.462999999999994,0.0
-51.453,0.0
-51.443,0.0
-51.43300000000001,0.0
-51.423,0.0
-51.413,0.0
-51.403000000000006,0.0
-51.393,0.0
-51.382999999999996,0.0
-51.373000000000005,0.0
-51.363,0.0
-51.352999999999994,0.0
-51.343,0.0
-51.333,0.0
-51.32299999999999,0.0
-51.313,0.0
-51.303,0.0
-51.293000000000006,0.0
-51.283,0.0
-51.272999999999996,0.0
-51.263000000000005,0.0
-51.253,0.0
-51.242999999999995,0.0
-51.233000000000004,0.0
-51.223,0.0
-51.212999999999994,0.0
-51.203,0.0
-51.193,0.0
-51.18300000000001,0.0
-51.173,0.0
-51.163,0.0
-51.153000000000006,0.0
-51.143,0.0
-51.132999999999996,0.0
-51.123000000000005,0.0
-51.113,0.0
-51.102999999999994,0.0
-51.093,0.0
-51.083,0.0
-51.07299999999999,0.0
-51.063,0.0
-51.053,0.0
-51.043000000000006,0.0
-51.033,0.0
-51.022999999999996,0.0
-51.013000000000005,0.0
-51.003,0.0
-50.992999999999995,0.0
-50.983000000000004,0.0
-50.973,0.0
-50.962999999999994,0.0
-50.953,0.0
-50.943,0.0
-50.93300000000001,0.0
-50.923,0.0
-50.913,0.0
-50.903000000000006,0.0
-50.893,0.0
-50.882999999999996,0.0
-50.873000000000005,0.0
-50.863,0.0
-50.852999999999994,0.0
-50.843,0.0
-50.833,0.0
-50.82299999999999,0.0
-50.813,0.0
-50.803,0.0
-50.793000000000006,0.0
-50.783,0.0
-50.772999999999996,0.0
-50.763000000000005,0.0
-50.753,0.0
-50.742999999999995,0.0
-50.733000000000004,0.0
-50.723,0.0
-50.712999999999994,0.0
-50.703,0.0
-50.693,0.0
-50.68300000000001,0.0
-50.673,0.0
-50.663,0.0
-50.653000000000006,0.0
-50.643,0.0
-50.632999999999996,0.0
-50.623000000000005,0.0
-50.613,0.0
-50.602999999999994,0.0
-50.593,0.0
-50.583,0.0
-50.57299999999999,0.0
-50.563,0.0
-50.553,0.0
-50.543000000000006,0.0
-50.533,0.0
-50.522999999999996,0.0
-50.513000000000005,0.0
-50.503,0.0
-50.492999999999995,0.0
-50.483000000000004,0.0
-50.473,0.0
-50.462999999999994,0.0
-50.453,0.0
-50.443,0.0
-50.43300000000001,0.0
-50.423,0.0
-50.413,0.0
-50.403000000000006,0.0
-50.393,0.0
-50.382999999999996,0.0
-50.373000000000005,0.0
-50.363,0.0
-50.352999999999994,0.0
-50.343,0.0
-50.333,0.0
-50.32299999999999,0.0
-50.313,0.0
-50.303,0.0
-50.293000000000006,0.0
-50.283,0.0
-50.272999999999996,0.0
-50.263000000000005,0.0
-50.253,0.0
-50.242999999999995,0.0
-50.233000000000004,0.0
-50.223,0.0
-50.212999999999994,0.0
-50.203,0.0
-50.193,0.0
-50.18300000000001,0.0
-50.173,0.0
-50.163,0.0
-50.153000000000006,0.0
-50.143,0.0
-50.132999999999996,0.0
-50.123000000000005,0.0
-50.113,0.0
-50.102999999999994,0.0
-50.093,0.0
-50.083,0.0
-50.07299999999999,0.0
-50.063,0.0
-50.053,0.0
-50.043000000000006,0.0
-50.033,0.0
-50.022999999999996,0.0
-50.013000000000005,0.0
-50.003,0.0
-49.992999999999995,0.0
-49.983000000000004,0.0
-49.973,0.0
-49.962999999999994,0.0
-49.953,0.0
-49.943,0.0
-49.93300000000001,0.0
-49.923,0.0
-49.913,0.0
-49.903000000000006,0.0
-49.893,0.0
-49.882999999999996,0.0
-49.873000000000005,0.0
-49.863,0.0
-49.852999999999994,0.0
-49.843,0.0
-49.833,0.0
-49.82299999999999,0.0
-49.813,0.0
-49.803,0.0
-49.793000000000006,0.0
-49.783,0.0
-49.772999999999996,0.0
-49.763000000000005,0.0
-49.753,0.0
-49.742999999999995,0.0
-49.733000000000004,0.0
-49.723,0.0
-49.712999999999994,0.0
-49.703,0.0
-49.693,0.0
-49.68300000000001,0.0
-49.673,0.0
-49.663,0.0
-49.653000000000006,0.0
-49.643,0.0
-49.632999999999996,0.0
-49.623000000000005,0.0
-49.613,0.0
-49.602999999999994,0.0
-49.593,0.0
-49.583,0.0
-49.57299999999999,0.0
-49.563,0.0
-49.553,0.0
-49.543000000000006,0.0
-49.533,0.0
-49.522999999999996,0.0
-49.513000000000005,0.0
-49.503,0.0
-49.492999999999995,0.0
-49.483000000000004,0.0
-49.473,0.0
-49.462999999999994,0.0
-49.453,0.0
-49.443,0.0
-49.43300000000001,0.0
-49.423,0.0
-49.413,0.0
-49.403000000000006,0.0
-49.393,0.0
-49.382999999999996,0.0
-49.373000000000005,0.0
-49.363,0.0
-49.352999999999994,0.0
-49.343,0.0
-49.333,0.0
-49.32299999999999,0.0
-49.313,0.0
-49.303,0.0
-49.293000000000006,0.0
-49.283,0.0
-49.272999999999996,0.0
-49.263000000000005,0.0
-49.253,0.0
-49.242999999999995,0.0
-49.233000000000004,0.0
-49.223,0.0
-49.212999999999994,0.0
-49.203,0.0
-49.193,0.0
-49.18300000000001,0.0
-49.173,0.0
-49.163,0.0
-49.153000000000006,0.0
-49.143,0.0
-49.132999999999996,0.0
-49.123000000000005,0.0
-49.113,0.0
-49.102999999999994,0.0
-49.093,0.0
-49.083,0.0
-49.07299999999999,0.0
-49.063,0.0
-49.053,0.0
-49.043000000000006,0.0
-49.033,0.0
-49.022999999999996,0.0
-49.013000000000005,0.0
-49.003,0.0
-48.992999999999995,0.0
-48.983000000000004,0.0
-48.973,0.0
-48.962999999999994,0.0
-48.953,0.0
-48.943,0.0
-48.93300000000001,0.0
-48.923,0.0
-48.913,0.0
-48.903000000000006,0.0
-48.893,0.0
-48.882999999999996,0.0
-48.873000000000005,0.0
-48.863,0.0
-48.852999999999994,0.0
-48.843,0.0
-48.833,0.0
-48.82299999999999,0.0
-48.813,0.0
-48.803,0.0
-48.793000000000006,0.0
-48.783,0.0
-48.772999999999996,0.0
-48.763000000000005,0.0
-48.753,0.0
-48.742999999999995,0.0
-48.733000000000004,0.0
-48.723,0.0
-48.712999999999994,0.0
-48.703,0.0
-48.693,0.0
-48.68300000000001,0.0
-48.673,0.0
-48.663,0.0
-48.653000000000006,0.0
-48.643,0.0
-48.632999999999996,0.0
-48.623000000000005,0.0
-48.613,0.0
-48.602999999999994,0.0
-48.593,0.0
-48.583,0.0
-48.57299999999999,0.0
-48.563,0.0
-48.553,0.0
-48.543000000000006,0.0
-48.533,0.0
-48.522999999999996,0.0
-48.513000000000005,0.0
-48.503,0.0
-48.492999999999995,0.0
-48.483000000000004,0.0
-48.473,0.0
-48.462999999999994,0.0
-48.453,0.0
-48.443,0.0
-48.43300000000001,0.0
-48.423,0.0
-48.413,0.0
-48.403000000000006,0.0
-48.393,0.0
-48.382999999999996,0.0
-48.373000000000005,0.0
-48.363,0.0
-48.352999999999994,0.0
-48.343,0.0
-48.333,0.0
-48.32299999999999,0.0
-48.313,0.0
-48.303,0.0
-48.293000000000006,0.0
-48.283,0.0
-48.272999999999996,0.0
-48.263000000000005,0.0
-48.253,0.0
-48.242999999999995,0.0
-48.233000000000004,0.0
-48.223,0.0
-48.212999999999994,0.0
-48.203,0.0
-48.193,0.0
-48.18300000000001,0.0
-48.173,0.0
-48.163,0.0
-48.153000000000006,0.0
-48.143,0.0
-48.132999999999996,0.0
-48.123000000000005,0.0
-48.113,0.0
-48.102999999999994,0.0
-48.093,0.0
-48.083,0.0
-48.07299999999999,0.0
-48.063,0.0
-48.053,0.0
-48.043000000000006,0.0
-48.033,0.0
-48.022999999999996,0.0
-48.013000000000005,0.0
-48.003,0.0
-47.992999999999995,0.0
-47.983000000000004,0.0
-47.973,0.0
-47.962999999999994,0.0
-47.953,0.0
-47.943,0.0
-47.93300000000001,0.0
-47.923,0.0
-47.913,0.0
-47.903000000000006,0.0
-47.893,0.0
-47.882999999999996,0.0
-47.873000000000005,0.0
-47.863,0.0
-47.852999999999994,0.0
-47.843,0.0
-47.833,0.0
-47.82299999999999,0.0
-47.813,0.0
-47.803,0.0
-47.793000000000006,0.0
-47.783,0.0
-47.772999999999996,0.0
-47.763000000000005,0.0
-47.753,0.0
-47.742999999999995,0.0
-47.733000000000004,0.0
-47.723,0.0
-47.712999999999994,0.0
-47.703,0.0
-47.693,0.0
-47.68300000000001,0.0
-47.673,0.0
-47.663,0.0
-47.653000000000006,0.0
-47.643,0.0
-47.632999999999996,0.0
-47.623000000000005,0.0
-47.613,0.0
-47.602999999999994,0.0
-47.593,0.0
-47.583,0.0
-47.57299999999999,0.0
-47.563,0.0
-47.553,0.0
-47.543000000000006,0.0
-47.533,0.0
-47.522999999999996,0.0
-47.513000000000005,0.0
-47.503,0.0
-47.492999999999995,0.0
-47.483000000000004,0.0
-47.473,0.0
-47.462999999999994,0.0
-47.453,0.0
-47.443,0.0
-47.43300000000001,0.0
-47.423,0.0
-47.413,0.0
-47.403000000000006,0.0
-47.393,0.0
-47.382999999999996,0.0
-47.373000000000005,0.0
-47.363,0.0
-47.352999999999994,0.0
-47.343,0.0
-47.333,0.0
-47.32299999999999,0.0
-47.313,0.0
-47.303,0.0
-47.293000000000006,0.0
-47.283,0.0
-47.272999999999996,0.0
-47.263000000000005,0.0
-47.253,0.0
-47.242999999999995,0.0
-47.233000000000004,0.0
-47.223,0.0
-47.212999999999994,0.0
-47.203,0.0
-47.193,0.0
-47.18300000000001,0.0
-47.173,0.0
-47.163,0.0
-47.153000000000006,0.0
-47.143,0.0
-47.132999999999996,0.0
-47.123000000000005,0.0
-47.113,0.0
-47.102999999999994,0.0
-47.093,0.0
-47.083,0.0
-47.07299999999999,0.0
-47.063,0.0
-47.053,0.0
-47.043000000000006,0.0
-47.033,0.0
-47.022999999999996,0.0
-47.013000000000005,0.0
-47.003,0.0
-46.992999999999995,0.0
-46.983000000000004,0.0
-46.973,0.0
-46.962999999999994,0.0
-46.953,0.0
-46.943,0.0
-46.93300000000001,0.0
-46.923,0.0
-46.913,0.0
-46.903000000000006,0.0
-46.893,0.0
-46.882999999999996,0.0
-46.873000000000005,0.0
-46.863,0.0
-46.852999999999994,0.0
-46.843,0.0
-46.833,0.0
-46.82299999999999,0.0
-46.813,0.0
-46.803,0.0
-46.793000000000006,0.0
-46.783,0.0
-46.772999999999996,0.0
-46.763000000000005,0.0
-46.753,0.0
-46.742999999999995,0.0
-46.733000000000004,0.0
-46.723,0.0
-46.712999999999994,0.0
-46.703,0.0
-46.693,0.0
-46.68300000000001,0.0
-46.673,0.0
-46.663,0.0
-46.653000000000006,0.0
-46.643,0.0
-46.632999999999996,0.0
-46.623000000000005,0.0
-46.613,0.0
-46.602999999999994,0.0
-46.593,0.0
-46.583,0.0
-46.57299999999999,0.0
-46.563,0.0
-46.553,0.0
-46.543000000000006,0.0
-46.533,0.0
-46.522999999999996,0.0
-46.513000000000005,0.0
-46.503,0.0
-46.492999999999995,0.0
-46.483000000000004,0.0
-46.473,0.0
-46.462999999999994,0.0
-46.453,0.0
-46.443,0.0
-46.43300000000001,0.0
-46.423,0.0
-46.413,0.0
-46.403000000000006,0.0
-46.393,0.0
-46.382999999999996,0.0
-46.373000000000005,0.0
-46.363,0.0
-46.352999999999994,0.0
-46.343,0.0
-46.333,0.0
-46.32299999999999,0.0
-46.313,0.0
-46.303,0.0
-46.293000000000006,0.0
-46.283,0.0
-46.272999999999996,0.0
-46.263000000000005,0.0
-46.253,0.0
-46.242999999999995,0.0
-46.233000000000004,0.0
-46.223,0.0
-46.212999999999994,0.0
-46.203,0.0
-46.193,0.0
-46.18300000000001,0.0
-46.173,0.0
-46.163,0.0
-46.153000000000006,0.0
-46.143,0.0
-46.132999999999996,0.0
-46.123000000000005,0.0
-46.113,0.0
-46.102999999999994,0.0
-46.093,0.0
-46.083,0.0
-46.07299999999999,0.0
-46.063,0.0
-46.053,0.0
-46.043000000000006,0.0
-46.033,0.0
-46.022999999999996,0.0
-46.013000000000005,0.0
-46.003,0.0
-45.992999999999995,0.0
-45.983000000000004,0.0
-45.973,0.0
-45.962999999999994,0.0
-45.953,0.0
-45.943,0.0
-45.93300000000001,0.0
-45.923,0.0
-45.913,0.0
-45.903000000000006,0.0
-45.893,0.0
-45.882999999999996,0.0
-45.873000000000005,0.0
-45.863,0.0
-45.852999999999994,0.0
-45.843,0.0
-45.833,0.0
-45.82299999999999,0.0
-45.813,0.0
-45.803,0.0
-45.793000000000006,0.0
-45.783,0.0
-45.772999999999996,0.0
-45.763000000000005,0.0
-45.753,0.0
-45.742999999999995,0.0
-45.733000000000004,0.0
-45.723,0.0
-45.712999999999994,0.0
-45.703,0.0
-45.693,0.0
-45.68300000000001,0.0
-45.673,0.0
-45.663,0.0
-45.653000000000006,0.0
-45.643,0.0
-45.632999999999996,0.0
-45.623000000000005,0.0
-45.613,0.0
-45.602999999999994,0.0
-45.593,0.0
-45.583,0.0
-45.57299999999999,0.0
-45.563,0.0
-45.553,0.0
-45.543000000000006,0.0
-45.533,0.0
-45.522999999999996,0.0
-45.513000000000005,0.0
-45.503,0.0
-45.492999999999995,0.0
-45.483000000000004,0.0
-45.473,0.0
-45.462999999999994,0.0
-45.453,0.0
-45.443,0.0
-45.43300000000001,0.0
-45.423,0.0
-45.413,0.0
-45.403000000000006,0.0
-45.393,0.0
-45.382999999999996,0.0
-45.373000000000005,0.0
-45.363,0.0
-45.352999999999994,0.0
-45.343,0.0
-45.333,0.0
-45.32299999999999,0.0
-45.313,0.0
-45.303,0.0
-45.293000000000006,0.0
-45.283,0.0
-45.272999999999996,0.0
-45.263000000000005,0.0
-45.253,0.0
-45.242999999999995,0.0
-45.233000000000004,0.0
-45.223,0.0
-45.212999999999994,0.0
-45.203,0.0
-45.193,0.0
-45.18300000000001,0.0
-45.173,0.0
-45.163,0.0
-45.153000000000006,0.0
-45.143,0.0
-45.132999999999996,0.0
-45.123000000000005,0.0
-45.113,0.0
-45.102999999999994,0.0
-45.093,0.0
-45.083,0.0
-45.07299999999999,0.0
-45.063,0.0
-45.053,0.0
-45.043000000000006,0.0
-45.033,0.0
-45.022999999999996,0.0
-45.013000000000005,0.0
-45.003,0.0
-44.992999999999995,0.0
-44.983000000000004,0.0
-44.973,0.0
-44.962999999999994,0.0
-44.953,0.0
-44.943,0.0
-44.93300000000001,0.0
-44.923,0.0
-44.913,0.0
-44.903000000000006,0.0
-44.893,0.0
-44.882999999999996,0.0
-44.873000000000005,0.0
-44.863,0.0
-44.852999999999994,0.0
-44.843,0.0
-44.833,0.0
-44.82299999999999,0.0
-44.813,0.0
-44.803,0.0
-44.793000000000006,0.0
-44.783,0.0
-44.772999999999996,0.0
-44.763000000000005,0.0
-44.753,0.0
-44.742999999999995,0.0
-44.733000000000004,0.0
-44.723,0.0
-44.712999999999994,0.0
-44.703,0.0
-44.693,0.0
-44.68300000000001,0.0
-44.673,0.0
-44.663,0.0
-44.653000000000006,0.0
-44.643,0.0
-44.632999999999996,0.0
-44.623000000000005,0.0
-44.613,0.0
-44.602999999999994,0.0
-44.593,0.0
-44.583,0.0
-44.57299999999999,0.0
-44.563,0.0
-44.553,0.0
-44.543000000000006,0.0
-44.533,0.0
-44.522999999999996,0.0
-44.513000000000005,0.0
-44.503,0.0
-44.492999999999995,0.0
-44.483000000000004,0.0
-44.473,0.0
-44.462999999999994,0.0
-44.453,0.0
-44.443,0.0
-44.43300000000001,0.0
-44.423,0.0
-44.413,0.0
-44.403000000000006,0.0
-44.393,0.0
-44.382999999999996,0.0
-44.373000000000005,0.0
-44.363,0.0
-44.352999999999994,0.0
-44.343,0.0
-44.333,0.0
-44.32299999999999,0.0
-44.313,0.0
-44.303,0.0
-44.293000000000006,0.0
-44.283,0.0
-44.272999999999996,0.0
-44.263000000000005,0.0
-44.253,0.0
-44.242999999999995,0.0
-44.233000000000004,0.0
-44.223,0.0
-44.212999999999994,0.0
-44.203,0.0
-44.193,0.0
-44.18300000000001,0.0
-44.173,0.0
-44.163,0.0
-44.153000000000006,0.0
-44.143,0.0
-44.132999999999996,0.0
-44.123000000000005,0.0
-44.113,0.0
-44.102999999999994,0.0
-44.093,0.0
-44.083,0.0
-44.07299999999999,0.0
-44.063,0.0
-44.053,0.0
-44.043000000000006,0.0
-44.033,0.0
-44.022999999999996,0.0
-44.013000000000005,0.0
-44.003,0.0
-43.992999999999995,0.0
-43.983000000000004,0.0
-43.973,0.0
-43.962999999999994,0.0
-43.953,0.0
-43.943,0.0
-43.93300000000001,0.0
-43.923,0.0
-43.913,0.0
-43.903000000000006,0.0
-43.893,0.0
-43.882999999999996,0.0
-43.873000000000005,0.0
-43.863,0.0
-43.852999999999994,0.0
-43.843,0.0
-43.833,0.0
-43.82299999999999,0.0
-43.813,0.0
-43.803,0.0
-43.793000000000006,0.0
-43.783,0.0
-43.772999999999996,0.0
-43.763000000000005,0.0
-43.753,0.0
-43.742999999999995,0.0
-43.733000000000004,0.0
-43.723,0.0
-43.712999999999994,0.0
-43.703,0.0
-43.693,0.0
-43.68300000000001,0.0
-43.673,0.0
-43.663,0.0
-43.653000000000006,0.0
-43.643,0.0
-43.632999999999996,0.0
-43.623000000000005,0.0
-43.613,0.0
-43.602999999999994,0.0
-43.593,0.0
-43.583,0.0
-43.57299999999999,0.0
-43.563,0.0
-43.553,0.0
-43.543000000000006,0.0
-43.533,0.0
-43.522999999999996,0.0
-43.513000000000005,0.0
-43.503,0.0
-43.492999999999995,0.0
-43.483000000000004,0.0
-43.473,0.0
-43.462999999999994,0.0
-43.453,0.0
-43.443,0.0
-43.43300000000001,0.0
-43.423,0.0
-43.413,0.0
-43.403000000000006,0.0
-43.393,0.0
-43.382999999999996,0.0
-43.373000000000005,0.0
-43.363,0.0
-43.352999999999994,0.0
-43.343,0.0
-43.333,0.0
-43.32299999999999,0.0
-43.313,0.0
-43.303,0.0
-43.293000000000006,0.0
-43.283,0.0
-43.272999999999996,0.0
-43.263000000000005,0.0
-43.253,0.0
-43.242999999999995,0.0
-43.233000000000004,0.0
-43.223,0.0
-43.212999999999994,0.0
-43.203,0.0
-43.193,0.0
-43.18300000000001,0.0
-43.173,0.0
-43.163,0.0
-43.153000000000006,0.0
-43.143,0.0
-43.132999999999996,0.0
-43.123000000000005,0.0
-43.113,0.0
-43.102999999999994,0.0
-43.093,0.0
-43.083,0.0
-43.07299999999999,0.0
-43.063,0.0
-43.053,0.0
-43.043000000000006,0.0
-43.033,0.0
-43.022999999999996,0.0
-43.013000000000005,0.0
-43.003,0.0
-42.992999999999995,0.0
-42.983000000000004,0.0
-42.973,0.0
-42.962999999999994,0.0
-42.953,0.0
-42.943,0.0
-42.93300000000001,0.0
-42.923,0.0
-42.913,0.0
-42.903000000000006,0.0
-42.893,0.0
-42.882999999999996,0.0
-42.873000000000005,0.0
-42.863,0.0
-42.852999999999994,0.0
-42.843,0.0
-42.833,0.0
-42.82299999999999,0.0
-42.813,0.0
-42.803,0.0
-42.793000000000006,0.0
-42.783,0.0
-42.772999999999996,0.0
-42.763000000000005,0.0
-42.753,0.0
-42.742999999999995,0.0
-42.733000000000004,0.0
-42.723,0.0
-42.712999999999994,0.0
-42.703,0.0
-42.693,0.0
-42.68300000000001,0.0
-42.673,0.0
-42.663,0.0
-42.653000000000006,0.0
-42.643,0.0
-42.632999999999996,0.0
-42.623000000000005,0.0
-42.613,0.0
-42.602999999999994,0.0
-42.593,0.0
-42.583,0.0
-42.57299999999999,0.0
-42.563,0.0
-42.553,0.0
-42.543000000000006,0.0
-42.533,0.0
-42.522999999999996,0.0
-42.513000000000005,0.0
-42.503,0.0
-42.492999999999995,0.0
-42.483000000000004,0.0
-42.473,0.0
-42.462999999999994,0.0
-42.453,0.0
-42.443,0.0
-42.43300000000001,0.0
-42.423,0.0
-42.413,0.0
-42.403000000000006,0.0
-42.393,0.0
-42.382999999999996,0.0
-42.373000000000005,0.0
-42.363,0.0
-42.352999999999994,0.0
-42.343,0.0
-42.333,0.0
-42.32299999999999,0.0
-42.313,0.0
-42.303,0.0
-42.293000000000006,0.0
-42.283,0.0
-42.272999999999996,0.0
-42.263000000000005,0.0
-42.253,0.0
-42.242999999999995,0.0
-42.233000000000004,0.0
-42.223,0.0
-42.212999999999994,0.0
-42.203,0.0
-42.193,0.0
-42.18300000000001,0.0
-42.173,0.0
-42.163,0.0
-42.153000000000006,0.0
-42.143,0.0
-42.132999999999996,0.0
-42.123000000000005,0.0
-42.113,0.0
-42.102999999999994,0.0
-42.093,0.0
-42.083,0.0
-42.07299999999999,0.0
-42.063,0.0
-42.053,0.0
-42.043000000000006,0.0
-42.033,0.0
-42.022999999999996,0.0
-42.013000000000005,0.0
-42.003,0.0
-41.992999999999995,0.0
-41.983000000000004,0.0
-41.973,0.0
-41.962999999999994,0.0
-41.953,0.0
-41.943,0.0
-41.93300000000001,0.0
-41.923,0.0
-41.913,0.0
-41.903000000000006,0.0
-41.893,0.0
-41.882999999999996,0.0
-41.873000000000005,0.0
-41.863,0.0
-41.852999999999994,0.0
-41.843,0.0
-41.833,0.0
-41.82299999999999,0.0
-41.813,0.0
-41.803,0.0
-41.793000000000006,0.0
-41.783,0.0
-41.772999999999996,0.0
-41.763000000000005,0.0
-41.753,0.0
-41.742999999999995,0.0
-41.733000000000004,0.0
-41.723,0.0
-41.712999999999994,0.0
-41.703,0.0
-41.693,0.0
-41.68300000000001,0.0
-41.673,0.0
-41.663,0.0
-41.653000000000006,0.0
-41.643,0.0
-41.632999999999996,0.0
-41.623000000000005,0.0
-41.613,0.0
-41.602999999999994,0.0
-41.593,0.0
-41.583,0.0
-41.57299999999999,0.0
-41.563,0.0
-41.553,0.0
-41.543000000000006,0.0
-41.533,0.0
-41.522999999999996,0.0
-41.513000000000005,0.0
-41.503,0.0
-41.492999999999995,0.0
-41.483000000000004,0.0
-41.473,0.0
-41.462999999999994,0.0
-41.453,0.0
-41.443,0.0
-41.43300000000001,0.0
-41.423,0.0
-41.413,0.0
-41.403000000000006,0.0
-41.393,0.0
-41.382999999999996,0.0
-41.373000000000005,0.0
-41.363,0.0
-41.352999999999994,0.0
-41.343,0.0
-41.333,0.0
-41.32299999999999,0.0
-41.313,0.0
-41.303,0.0
-41.293000000000006,0.0
-41.283,0.0
-41.272999999999996,0.0
-41.263000000000005,0.0
-41.253,0.0
-41.242999999999995,0.0
-41.233000000000004,0.0
-41.223,0.0
-41.212999999999994,0.0
-41.203,0.0
-41.193,0.0
-41.18300000000001,0.0
-41.173,0.0
-41.163,0.0
-41.153000000000006,0.0
-41.143,0.0
-41.132999999999996,0.0
-41.123000000000005,0.0
-41.113,0.0
-41.102999999999994,0.0
-41.093,0.0
-41.083,0.0
-41.07299999999999,0.0
-41.063,0.0
-41.053,0.0
-41.043000000000006,0.0
-41.033,0.0
-41.022999999999996,0.0
-41.013000000000005,0.0
-41.003,0.0
-40.992999999999995,0.0
-40.983000000000004,0.0
-40.973,0.0
-40.962999999999994,0.0
-40.953,0.0
-40.943,0.0
-40.93300000000001,0.0
-40.923,0.0
-40.913,0.0
-40.903000000000006,0.0
-40.893,0.0
-40.882999999999996,0.0
-40.873000000000005,0.0
-40.863,0.0
-40.852999999999994,0.0
-40.843,0.0
-40.833,0.0
-40.82299999999999,0.0
-40.813,0.0
-40.803,0.0
-40.793000000000006,0.0
-40.783,0.0
-40.772999999999996,0.0
-40.763000000000005,0.0
-40.753,0.0
-40.742999999999995,0.0
-40.733000000000004,0.0
-40.723,0.0
-40.712999999999994,0.0
-40.703,0.0
-40.693,0.0
-40.68300000000001,0.0
-40.673,0.0
-40.663,0.0
-40.653000000000006,0.0
-40.643,0.0
-40.632999999999996,0.0
-40.623000000000005,0.0
-40.613,0.0
-40.602999999999994,0.0
-40.593,0.0
-40.583,0.0
-40.57299999999999,0.0
-40.563,0.0
-40.553,0.0
-40.543000000000006,0.0
-40.533,0.0
-40.522999999999996,0.0
-40.513000000000005,0.0
-40.503,0.0
-40.492999999999995,0.0
-40.483000000000004,0.0
-40.473,0.0
-40.462999999999994,0.0
-40.453,0.0
-40.443,0.0
-40.43300000000001,0.0
-40.423,0.0
-40.413,0.0
-40.403000000000006,0.0
-40.393,0.0
-40.382999999999996,0.0
-40.373000000000005,0.0
-40.363,0.0
-40.352999999999994,0.0
-40.343,0.0
-40.333,0.0
-40.32299999999999,0.0
-40.313,0.0
-40.303,0.0
-40.293000000000006,0.0
-40.283,0.0
-40.272999999999996,0.0
-40.263000000000005,0.0
-40.253,0.0
-40.242999999999995,0.0
-40.233000000000004,0.0
-40.223,0.0
-40.212999999999994,0.0
-40.203,0.0
-40.193,0.0
-40.18300000000001,0.0
-40.173,0.0
-40.163,0.0
-40.153000000000006,0.0
-40.143,0.0
-40.132999999999996,0.0
-40.123000000000005,0.0
-40.113,0.0
-40.102999999999994,0.0
-40.093,0.0
-40.083,0.0
-40.07299999999999,0.0
-40.063,0.0
-40.053,0.0
-40.043000000000006,0.0
-40.033,0.0
-40.022999999999996,0.0
-40.013000000000005,0.0
-40.003,0.0
-39.992999999999995,0.0
-39.983000000000004,0.0
-39.973,0.0
-39.962999999999994,0.0
-39.953,0.0
-39.943,0.0
-39.93300000000001,0.0
-39.923,0.0
-39.913,0.0
-39.903000000000006,0.0
-39.893,0.0
-39.882999999999996,0.0
-39.873000000000005,0.0
-39.863,0.0
-39.852999999999994,0.0
-39.843,0.0
-39.833,0.0
-39.82299999999999,0.0
-39.813,0.0
-39.803,0.0
-39.793000000000006,0.0
-39.783,0.0
-39.772999999999996,0.0
-39.763000000000005,0.0
-39.753,0.0
-39.742999999999995,0.0
-39.733000000000004,0.0
-39.723,0.0
-39.712999999999994,0.0
-39.703,0.0
-39.693,0.0
-39.68300000000001,0.0
-39.673,0.0
-39.663,0.0
-39.653000000000006,0.0
-39.643,0.0
-39.632999999999996,0.0
-39.623000000000005,0.0
-39.613,0.0
-39.602999999999994,0.0
-39.593,0.0
-39.583,0.0
-39.57299999999999,0.0
-39.563,0.0
-39.553,0.0
-39.543000000000006,0.0
-39.533,0.0
-39.522999999999996,0.0
-39.513000000000005,0.0
-39.503,0.0
-39.492999999999995,0.0
-39.483000000000004,0.0
-39.473,0.0
-39.462999999999994,0.0
-39.453,0.0
-39.443,0.0
-39.43300000000001,0.0
-39.423,0.0
-39.413,0.0
-39.403000000000006,0.0
-39.393,0.0
-39.382999999999996,0.0
-39.373000000000005,0.0
-39.363,0.0
-39.352999999999994,0.0
-39.343,0.0
-39.333,0.0
-39.32299999999999,0.0
-39.313,0.0
-39.303,0.0
-39.293000000000006,0.0
-39.283,0.0
-39.272999999999996,0.0
-39.263000000000005,0.0
-39.253,0.0
-39.242999999999995,0.0
-39.233000000000004,0.0
-39.223,0.0
-39.212999999999994,0.0
-39.203,0.0
-39.193,0.0
-39.18300000000001,0.0
-39.173,0.0
-39.163,0.0
-39.153000000000006,0.0
-39.143,0.0
-39.132999999999996,0.0
-39.123000000000005,0.0
-39.113,0.0
-39.102999999999994,0.0
-39.093,0.0
-39.083,0.0
-39.07299999999999,0.0
-39.063,0.0
-39.053,0.0
-39.043000000000006,0.0
-39.033,0.0
-39.022999999999996,0.0
-39.013000000000005,0.0
-39.003,0.0
-38.992999999999995,0.0
-38.983000000000004,0.0
-38.973,0.0
-38.962999999999994,0.0
-38.953,0.0
-38.943,0.0
-38.93300000000001,0.0
-38.923,0.0
-38.913,0.0
-38.903000000000006,0.0
-38.893,0.0
-38.882999999999996,0.0
-38.873000000000005,0.0
-38.863,0.0
-38.852999999999994,0.0
-38.843,0.0
-38.833,0.0
-38.82299999999999,0.0
-38.813,0.0
-38.803,0.0
-38.793000000000006,0.0
-38.783,0.0
-38.772999999999996,0.0
-38.763000000000005,0.0
-38.753,0.0
-38.742999999999995,0.0
-38.733000000000004,0.0
-38.723,0.0
-38.712999999999994,0.0
-38.703,0.0
-38.693,0.0
-38.68300000000001,0.0
-38.673,0.0
-38.663,0.0
-38.653000000000006,0.0
-38.643,0.0
-38.632999999999996,0.0
-38.623000000000005,0.0
-38.613,0.0
-38.602999999999994,0.0
-38.593,0.0
-38.583,0.0
-38.57299999999999,0.0
-38.563,0.0
-38.553,0.0
-38.543000000000006,0.0
-38.533,0.0
-38.522999999999996,0.0
-38.513000000000005,0.0
-38.503,0.0
-38.492999999999995,0.0
-38.483000000000004,0.0
-38.473,0.0
-38.462999999999994,0.0
-38.453,0.0
-38.443,0.0
-38.43300000000001,0.0
-38.423,0.0
-38.413,0.0
-38.403000000000006,0.0
-38.393,0.0
-38.382999999999996,0.0
-38.373000000000005,0.0
-38.363,0.0
-38.352999999999994,0.0
-38.343,0.0
-38.333,0.0
-38.32299999999999,0.0
-38.313,0.0
-38.303,0.0
-38.293000000000006,0.0
-38.283,0.0
-38.272999999999996,0.0
-38.263000000000005,0.0
-38.253,0.0
-38.242999999999995,0.0
-38.233000000000004,0.0
-38.223,0.0
-38.212999999999994,0.0
-38.203,0.0
-38.193,0.0
-38.18300000000001,0.0
-38.173,0.0
-38.163,0.0
-38.153000000000006,0.0
-38.143,0.0
-38.132999999999996,0.0
-38.123000000000005,0.0
-38.113,0.0
-38.102999999999994,0.0
-38.093,0.0
-38.083,0.0
-38.07299999999999,0.0
-38.063,0.0
-38.053,0.0
-38.043000000000006,0.0
-38.033,0.0
-38.022999999999996,0.0
-38.013000000000005,0.0
-38.003,0.0
-37.992999999999995,0.0
-37.983000000000004,0.0
-37.973,0.0
-37.962999999999994,0.0
-37.953,0.0
-37.943,0.0
-37.93300000000001,0.0
-37.923,0.0
-37.913,0.0
-37.903000000000006,0.0
-37.893,0.0
-37.882999999999996,0.0
-37.873000000000005,0.0
-37.863,0.0
-37.852999999999994,0.0
-37.843,0.0
-37.833,0.0
-37.82299999999999,0.0
-37.813,0.0
-37.803,0.0
-37.793000000000006,0.0
-37.783,0.0
-37.772999999999996,0.0
-37.763000000000005,0.0
-37.753,0.0
-37.742999999999995,0.0
-37.733000000000004,0.0
-37.723,0.0
-37.712999999999994,0.0
-37.703,0.0
-37.693,0.0
-37.68300000000001,0.0
-37.673,0.0
-37.663,0.0
-37.653000000000006,0.0
-37.643,0.0
-37.632999999999996,0.0
-37.623000000000005,0.0
-37.613,0.0
-37.602999999999994,0.0
-37.593,0.0
-37.583,0.0
-37.57299999999999,0.0
-37.563,0.0
-37.553,0.0
-37.543000000000006,0.0
-37.533,0.0
-37.522999999999996,0.0
-37.513000000000005,0.0
-37.503,0.0
-37.492999999999995,0.0
-37.483000000000004,0.0
-37.473,0.0
-37.462999999999994,0.0
-37.453,0.0
-37.443,0.0
-37.43300000000001,0.0
-37.423,0.0
-37.413,0.0
-37.403000000000006,0.0
-37.393,0.0
-37.382999999999996,0.0
-37.373000000000005,0.0
-37.363,0.0
-37.352999999999994,0.0
-37.343,0.0
-37.333,0.0
-37.32299999999999,0.0
-37.313,0.0
-37.303,0.0
-37.293000000000006,0.0
-37.283,0.0
-37.272999999999996,0.0
-37.263000000000005,0.0
-37.253,0.0
-37.242999999999995,0.0
-37.233000000000004,0.0
-37.223,0.0
-37.212999999999994,0.0
-37.203,0.0
-37.193,0.0
-37.18300000000001,0.0
-37.173,0.0
-37.163,0.0
-37.153000000000006,0.0
-37.143,0.0
-37.132999999999996,0.0
-37.123000000000005,0.0
-37.113,0.0
-37.102999999999994,0.0
-37.093,0.0
-37.083,0.0
-37.07299999999999,0.0
-37.063,0.0
-37.053,0.0
-37.043000000000006,0.0
-37.033,0.0
-37.022999999999996,0.0
-37.013000000000005,0.0
-37.003,2.2341056247000003e-18
-36.992999999999995,4.694426004999998e-18
-36.983000000000004,9.750192233000003e-18
-36.973,2.5970254069999994e-17
-36.962999999999994,5.3184383129999993e-17
-36.953,1.0783449214000002e-16
-36.943,2.2164220499999999e-16
-36.93300000000001,4.447476000000001e-16
-36.923,8.77422e-16
-36.913,1.712846e-15
-36.903000000000006,3.3061070000000013e-15
-36.893,6.300310000000001e-15
-36.882999999999996,1.1902339999999997e-14
-36.873000000000005,2.2298960000000008e-14
-36.863,4.124040000000001e-14
-36.852999999999994,7.545379999999998e-14
-36.843,1.3672869999999997e-13
-36.833,2.4553449999999994e-13
-36.82299999999999,4.494959999999999e-13
-36.813,7.946269999999999e-13
-36.803,1.41526e-12
-36.793000000000006,2.493479999999999e-12
-36.783,4.3135500000000015e-12
-36.772999999999996,7.451300000000002e-12
-36.763000000000005,1.27512e-11
-36.753,2.1679799999999994e-11
-36.742999999999995,3.66706e-11
-36.733000000000004,6.17717e-11
-36.723,1.0347699999999999e-10
-36.712999999999994,1.7273300000000003e-10
-36.703,2.8712e-10
-36.693,4.77212e-10
-36.68300000000001,7.903899999999997e-10
-36.673,1.30601e-09
-36.663,2.1549800000000003e-09
-36.653000000000006,3.55177e-09
-36.643,5.83535e-09
-36.632999999999996,9.562199999999997e-09
-36.623000000000005,1.5639100000000004e-08
-36.613,2.554449999999999e-08
-36.602999999999994,4.14405e-08
-36.593,6.69975e-08
-36.583,1.0783699999999997e-07
-36.57299999999999,1.725650000000001e-07
-36.563,2.7408800000000004e-07
-36.553,4.3453299999999994e-07
-36.543000000000006,6.81873e-07
-36.533,1.0629639999999999e-06
-36.522999999999996,1.6437399999999999e-06
-36.513000000000005,2.5222099999999996e-06
-36.503,3.835149999999999e-06
-36.492999999999995,5.79014e-06
-36.483000000000004,8.655499999999999e-06
-36.473,1.2827570000000004e-05
-36.462999999999994,1.87918e-05
-36.453,2.741319999999999e-05
-36.443,3.9443900000000004e-05
-36.43300000000001,5.643039999999998e-05
-36.423,7.975809999999998e-05
-36.413,0.00011177070000000003
-36.403000000000006,0.00015511299999999996
-36.393,0.0002127989999999999
-36.382999999999996,0.0002905460000000001
-36.373000000000005,0.00039188199999999976
-36.363,0.0005233499999999999
-36.352999999999994,0.0006913739999999998
-36.343,0.0009063380000000005
-36.333,0.0011769
-36.32299999999999,0.00151373
-36.313,0.0019285300000000001
-36.303,0.0024409799999999997
-36.293000000000006,0.003042460000000001
-36.283,0.003766210000000001
-36.272999999999996,0.00463327
-36.263000000000005,0.005633299999999999
-36.253,0.0067943000000000005
-36.242999999999995,0.008107900000000001
-36.233000000000004,0.009610400000000005
-36.223,0.0112699
-36.212999999999994,0.013115500000000002
-36.203,0.015127399999999997
-36.193,0.017297400000000004
-36.18300000000001,0.01961180000000001
-36.173,0.022040999999999998
-36.163,0.024563999999999992
-36.153000000000006,0.02715600000000001
-36.143,0.02974200000000001
-36.132999999999996,0.032400999999999985
-36.123000000000005,0.034822000000000006
-36.113,0.037309
-36.102999999999994,0.03966199999999999
-36.093,0.041676000000000005
-36.083,0.04348199999999999
-36.07299999999999,0.04500800000000002
-36.063,0.04634599999999999
-36.053,0.04722799999999999
-36.043000000000006,0.047805999999999994
-36.033,0.047980999999999996
-36.022999999999996,0.04782000000000001
-36.013000000000005,0.04715400000000001
-36.003,0.04627099999999998
-35.992999999999995,0.04494299999999999
-35.983000000000004,0.04345800000000002
-35.973,0.04156200000000001
-35.962999999999994,0.039470999999999985
-35.953,0.03716500000000001
-35.943,0.03476299999999999
-35.93300000000001,0.03223299999999999
-35.923,0.029681
-35.913,0.027103
-35.903000000000006,0.02456299999999999
-35.893,0.022079
-35.882999999999996,0.019699
-35.873000000000005,0.017449100000000002
-35.863,0.015337899999999995
-35.852999999999994,0.013382600000000001
-35.843,0.011598000000000004
-35.833,0.009979900000000002
-35.82299999999999,0.008528800000000001
-35.813,0.007243
-35.803,0.0061125
-35.793000000000006,0.0051217999999999975
-35.783,0.004275289999999999
-35.772999999999996,0.00354222
-35.763000000000005,0.0029231099999999996
-35.753,0.0024023000000000004
-35.742999999999995,0.00196094
-35.733000000000004,0.0015952799999999993
-35.723,0.0012916629999999998
-35.712999999999994,0.001041608
-35.703,0.0008356920000000002
-35.693,0.0006682799999999997
-35.68300000000001,0.0005316060000000001
-35.673,0.00042082799999999994
-35.663,0.00033151250000000007
-35.653000000000006,0.0002601210999999999
-35.643,0.00020282299999999992
-35.632999999999996,0.0001573106
-35.623000000000005,0.00012139279999999994
-35.613,9.283493000000002e-05
-35.602999999999994,7.075292999999999e-05
-35.593,5.348130000000001e-05
-35.583,4.002588000000001e-05
-35.57299999999999,2.9770382e-05
-35.563,2.1980192e-05
-35.553,1.61046e-05
-35.543000000000006,1.1683759999999997e-05
-35.533,8.397515999999998e-06
-35.522999999999996,5.9828980999999985e-06
-35.513000000000005,4.2341687999999995e-06
-35.503,2.9608360000000002e-06
-35.492999999999995,2.0524147000000004e-06
-35.483000000000004,1.4080750300000004e-06
-35.473,9.591660299999997e-07
-35.462999999999994,6.466594200000004e-07
-35.453,4.3021594000000004e-07
-35.443,2.84116693e-07
-35.43300000000001,1.8571516800000007e-07
-35.423,1.20159835e-07
-35.413,7.6851184e-08
-35.403000000000006,4.8831386699999985e-08
-35.393,3.05967744e-08
-35.382999999999996,1.9005456399999994e-08
-35.373000000000005,1.167975387e-08
-35.363,7.112116249999999e-09
-35.352999999999994,4.28252299e-09
-35.343,2.5567883900000003e-09
-35.333,1.5084405550000003e-09
-35.32299999999999,8.83016119e-10
-35.313,5.09144965e-10
-35.303,2.9181045860000005e-10
-35.293000000000006,1.6527711900000002e-10
-35.283,9.273850879999999e-11
-35.272999999999996,5.1456355900000015e-11
-35.263000000000005,2.8288607620000003e-11
-35.253,1.538815451e-11
-35.242999999999995,8.27850226e-12
-35.233000000000004,4.419293465e-12
-35.223,2.3327649510000002e-12
-35.212999999999994,1.2186579640000004e-12
-35.203,6.309080397999999e-13
-35.193,3.2333848520000007e-13
-35.18300000000001,1.6387992026e-13
-35.173,8.240197414600002e-14
-35.163,4.093340697300001e-14
-35.153000000000006,2.01515904695e-14
-35.143,9.780210657899999e-15
-35.132999999999996,1.8501449012000002e-15
-35.123000000000005,9.165674900099999e-16
-35.113,4.4363503414999996e-16
-35.102999999999994,1.88927749975e-16
-35.093,9.099427916599997e-17
-35.083,4.3342846587400004e-17
-35.07299999999999,0.0
-35.063,0.0
-35.053,0.0
-35.043000000000006,0.0
-35.033,0.0
-35.022999999999996,0.0
-35.013000000000005,0.0
-35.003,0.0
-34.992999999999995,0.0
-34.983000000000004,0.0
-34.973,0.0
-34.962999999999994,0.0
-34.953,0.0
-34.943,0.0
-34.93300000000001,0.0
-34.923,0.0
-34.913,0.0
-34.903000000000006,0.0
-34.893,0.0
-34.882999999999996,0.0
-34.873000000000005,0.0
-34.863,0.0
-34.852999999999994,0.0
-34.843,0.0
-34.833,0.0
-34.82299999999999,0.0
-34.813,0.0
-34.803,0.0
-34.793000000000006,0.0
-34.783,0.0
-34.772999999999996,0.0
-34.763000000000005,0.0
-34.753,0.0
-34.742999999999995,0.0
-34.733000000000004,0.0
-34.723,0.0
-34.712999999999994,0.0
-34.703,0.0
-34.693,0.0
-34.68300000000001,0.0
-34.673,0.0
-34.663,0.0
-34.653000000000006,0.0
-34.643,0.0
-34.632999999999996,0.0
-34.623000000000005,0.0
-34.613,0.0
-34.602999999999994,0.0
-34.593,0.0
-34.583,0.0
-34.57299999999999,0.0
-34.563,0.0
-34.553,0.0
-34.543000000000006,0.0
-34.533,0.0
-34.522999999999996,0.0
-34.513000000000005,0.0
-34.503,0.0
-34.492999999999995,0.0
-34.483000000000004,0.0
-34.473,0.0
-34.462999999999994,0.0
-34.453,0.0
-34.443,0.0
-34.43300000000001,0.0
-34.423,0.0
-34.413,0.0
-34.403000000000006,0.0
-34.393,0.0
-34.382999999999996,0.0
-34.373000000000005,0.0
-34.363,0.0
-34.352999999999994,0.0
-34.343,0.0
-34.333,0.0
-34.32299999999999,0.0
-34.313,0.0
-34.303,0.0
-34.293000000000006,0.0
-34.283,0.0
-34.272999999999996,0.0
-34.263000000000005,0.0
-34.253,0.0
-34.242999999999995,0.0
-34.233000000000004,0.0
-34.223,0.0
-34.212999999999994,0.0
-34.203,0.0
-34.193,0.0
-34.18300000000001,0.0
-34.173,0.0
-34.163,0.0
-34.153000000000006,0.0
-34.143,0.0
-34.132999999999996,0.0
-34.123000000000005,0.0
-34.113,0.0
-34.102999999999994,0.0
-34.093,0.0
-34.083,0.0
-34.07299999999999,0.0
-34.063,0.0
-34.053,0.0
-34.043000000000006,0.0
-34.033,0.0
-34.022999999999996,0.0
-34.013000000000005,0.0
-34.003,0.0
-33.992999999999995,0.0
-33.983000000000004,0.0
-33.973,0.0
-33.962999999999994,0.0
-33.953,0.0
-33.943,0.0
-33.93300000000001,0.0
-33.923,0.0
-33.913,0.0
-33.903000000000006,0.0
-33.893,0.0
-33.882999999999996,0.0
-33.873000000000005,0.0
-33.863,0.0
-33.852999999999994,0.0
-33.843,0.0
-33.833,0.0
-33.82299999999999,0.0
-33.813,0.0
-33.803,0.0
-33.793000000000006,0.0
-33.783,0.0
-33.772999999999996,0.0
-33.763000000000005,0.0
-33.753,0.0
-33.742999999999995,0.0
-33.733000000000004,0.0
-33.723,0.0
-33.712999999999994,0.0
-33.703,0.0
-33.693,0.0
-33.68300000000001,0.0
-33.673,0.0
-33.663,0.0
-33.653000000000006,0.0
-33.643,0.0
-33.632999999999996,0.0
-33.623000000000005,0.0
-33.613,0.0
-33.602999999999994,0.0
-33.593,0.0
-33.583,0.0
-33.57299999999999,0.0
-33.563,0.0
-33.553,0.0
-33.543000000000006,0.0
-33.533,0.0
-33.522999999999996,0.0
-33.513000000000005,0.0
-33.503,0.0
-33.492999999999995,0.0
-33.483000000000004,0.0
-33.473,0.0
-33.462999999999994,0.0
-33.453,0.0
-33.443,0.0
-33.43300000000001,0.0
-33.423,0.0
-33.413,0.0
-33.403000000000006,0.0
-33.393,0.0
-33.382999999999996,0.0
-33.373000000000005,0.0
-33.363,0.0
-33.352999999999994,0.0
-33.343,0.0
-33.333,0.0
-33.32299999999999,0.0
-33.313,0.0
-33.303,0.0
-33.293000000000006,0.0
-33.283,0.0
-33.272999999999996,0.0
-33.263000000000005,0.0
-33.253,0.0
-33.242999999999995,0.0
-33.233000000000004,0.0
-33.223,0.0
-33.212999999999994,0.0
-33.203,0.0
-33.193,0.0
-33.18300000000001,0.0
-33.173,0.0
-33.163,0.0
-33.153000000000006,0.0
-33.143,0.0
-33.132999999999996,0.0
-33.123000000000005,0.0
-33.113,0.0
-33.102999999999994,0.0
-33.093,0.0
-33.083,0.0
-33.07299999999999,0.0
-33.063,0.0
-33.053,0.0
-33.043000000000006,0.0
-33.033,0.0
-33.022999999999996,0.0
-33.013000000000005,0.0
-33.003,0.0
-32.992999999999995,0.0
-32.983000000000004,0.0
-32.973,0.0
-32.962999999999994,0.0
-32.953,0.0
-32.943,0.0
-32.93300000000001,0.0
-32.923,0.0
-32.913,0.0
-32.903000000000006,0.0
-32.893,0.0
-32.882999999999996,0.0
-32.873000000000005,0.0
-32.863,0.0
-32.852999999999994,0.0
-32.843,0.0
-32.833,0.0
-32.82299999999999,0.0
-32.813,0.0
-32.803,0.0
-32.793000000000006,0.0
-32.783,0.0
-32.772999999999996,0.0
-32.763000000000005,0.0
-32.753,0.0
-32.742999999999995,0.0
-32.733000000000004,0.0
-32.723,0.0
-32.712999999999994,0.0
-32.703,0.0
-32.693,0.0
-32.68300000000001,0.0
-32.673,0.0
-32.663,0.0
-32.653000000000006,0.0
-32.643,0.0
-32.632999999999996,0.0
-32.623000000000005,0.0
-32.613,0.0
-32.602999999999994,0.0
-32.593,0.0
-32.583,0.0
-32.57299999999999,0.0
-32.563,0.0
-32.553,0.0
-32.543000000000006,0.0
-32.533,0.0
-32.522999999999996,0.0
-32.513000000000005,0.0
-32.503,0.0
-32.492999999999995,0.0
-32.483000000000004,0.0
-32.473,0.0
-32.462999999999994,0.0
-32.453,0.0
-32.443,0.0
-32.43300000000001,0.0
-32.423,0.0
-32.413,0.0
-32.403000000000006,0.0
-32.393,0.0
-32.382999999999996,0.0
-32.373000000000005,0.0
-32.363,0.0
-32.352999999999994,0.0
-32.343,0.0
-32.333,0.0
-32.32299999999999,0.0
-32.313,0.0
-32.303,0.0
-32.293000000000006,0.0
-32.283,0.0
-32.272999999999996,0.0
-32.263000000000005,0.0
-32.253,0.0
-32.242999999999995,0.0
-32.233000000000004,0.0
-32.223,0.0
-32.212999999999994,0.0
-32.203,0.0
-32.193,0.0
-32.18300000000001,0.0
-32.173,0.0
-32.163,0.0
-32.153000000000006,0.0
-32.143,0.0
-32.132999999999996,0.0
-32.123000000000005,0.0
-32.113,0.0
-32.102999999999994,0.0
-32.093,0.0
-32.083,0.0
-32.07299999999999,0.0
-32.063,0.0
-32.053,0.0
-32.043000000000006,0.0
-32.033,0.0
-32.022999999999996,0.0
-32.013000000000005,0.0
-32.003,0.0
-31.993,0.0
-31.983,0.0
-31.973000000000003,0.0
-31.962999999999997,0.0
-31.953,0.0
-31.943,0.0
-31.933000000000003,0.0
-31.923,0.0
-31.913,0.0
-31.903000000000002,0.0
-31.892999999999997,0.0
-31.883,0.0
-31.873,0.0
-31.863000000000003,0.0
-31.852999999999998,0.0
-31.843,0.0
-31.833000000000002,0.0
-31.822999999999997,0.0
-31.813,0.0
-31.803,0.0
-31.793000000000003,0.0
-31.782999999999998,0.0
-31.773,0.0
-31.763,0.0
-31.753000000000004,0.0
-31.743,0.0
-31.733,0.0
-31.723000000000003,0.0
-31.712999999999997,0.0
-31.703,0.0
-31.693,0.0
-31.683000000000003,0.0
-31.673,0.0
-31.663,0.0
-31.653000000000002,0.0
-31.642999999999997,0.0
-31.633,0.0
-31.623,0.0
-31.613000000000003,0.0
-31.602999999999998,0.0
-31.593,0.0
-31.583000000000002,0.0
-31.572999999999997,0.0
-31.563,0.0
-31.553,0.0
-31.543000000000003,0.0
-31.532999999999998,0.0
-31.523,0.0
-31.513,0.0
-31.503000000000004,0.0
-31.493,0.0
-31.483,0.0
-31.473000000000003,0.0
-31.462999999999997,0.0
-31.453,0.0
-31.443,0.0
-31.433000000000003,0.0
-31.423,0.0
-31.413,0.0
-31.403000000000002,0.0
-31.392999999999997,0.0
-31.383,0.0
-31.373,0.0
-31.363000000000003,0.0
-31.352999999999998,0.0
-31.343,0.0
-31.333000000000002,0.0
-31.322999999999997,0.0
-31.313,0.0
-31.303,0.0
-31.293000000000003,0.0
-31.282999999999998,0.0
-31.273,0.0
-31.263,0.0
-31.253000000000004,0.0
-31.243,0.0
-31.233,0.0
-31.223000000000003,0.0
-31.212999999999997,0.0
-31.203,0.0
-31.193,0.0
-31.183000000000003,0.0
-31.173,0.0
-31.163,0.0
-31.153000000000002,0.0
-31.142999999999997,0.0
-31.133,0.0
-31.123,0.0
-31.113000000000003,0.0
-31.102999999999998,0.0
-31.093,0.0
-31.083000000000002,0.0
-31.072999999999997,0.0
-31.063,0.0
-31.053,0.0
-31.043000000000003,0.0
-31.032999999999998,0.0
-31.023,0.0
-31.013,0.0
-31.003000000000004,0.0
-30.993,0.0
-30.983,0.0
-30.973000000000003,0.0
-30.962999999999997,0.0
-30.953,0.0
-30.943,0.0
-30.933000000000003,0.0
-30.923,0.0
-30.913,0.0
-30.903000000000002,0.0
-30.892999999999997,0.0
-30.883,0.0
-30.873,0.0
-30.863000000000003,0.0
-30.852999999999998,0.0
-30.843,0.0
-30.833000000000002,0.0
-30.822999999999997,0.0
-30.813,0.0
-30.803,0.0
-30.793000000000003,0.0
-30.782999999999998,0.0
-30.773,0.0
-30.763,0.0
-30.753000000000004,0.0
-30.743,0.0
-30.733,0.0
-30.723000000000003,0.0
-30.712999999999997,0.0
-30.703,0.0
-30.693,0.0
-30.683000000000003,0.0
-30.673,0.0
-30.663,0.0
-30.653000000000002,0.0
-30.642999999999997,0.0
-30.633,0.0
-30.623,0.0
-30.613000000000003,0.0
-30.602999999999998,0.0
-30.593,0.0
-30.583000000000002,0.0
-30.572999999999997,0.0
-30.563,0.0
-30.553,0.0
-30.543000000000003,0.0
-30.532999999999998,0.0
-30.523,0.0
-30.513,0.0
-30.503000000000004,0.0
-30.493,0.0
-30.483,0.0
-30.473000000000003,0.0
-30.462999999999997,0.0
-30.453,0.0
-30.443,0.0
-30.433000000000003,0.0
-30.423,0.0
-30.413,0.0
-30.403000000000002,0.0
-30.392999999999997,0.0
-30.383,0.0
-30.373,0.0
-30.363000000000003,0.0
-30.352999999999998,0.0
-30.343,0.0
-30.333000000000002,0.0
-30.322999999999997,0.0
-30.313,0.0
-30.303,0.0
-30.293000000000003,0.0
-30.282999999999998,0.0
-30.273,0.0
-30.263,0.0
-30.253000000000004,0.0
-30.243,0.0
-30.233,0.0
-30.223000000000003,0.0
-30.212999999999997,0.0
-30.203,0.0
-30.193,0.0
-30.183000000000003,0.0
-30.173,0.0
-30.163,0.0
-30.153000000000002,0.0
-30.142999999999997,0.0
-30.133,0.0
-30.123,0.0
-30.113000000000003,0.0
-30.102999999999998,0.0
-30.093,0.0
-30.083000000000002,0.0
-30.072999999999997,0.0
-30.063,0.0
-30.053,0.0
-30.043000000000003,0.0
-30.032999999999998,0.0
-30.023,0.0
-30.013,0.0
-30.003000000000004,0.0
-29.993,0.0
-29.983,0.0
-29.973000000000003,0.0
-29.962999999999997,0.0
-29.953,0.0
-29.943,0.0
-29.933000000000003,0.0
-29.923,0.0
-29.913,0.0
-29.903000000000002,0.0
-29.892999999999997,0.0
-29.883,0.0
-29.873,0.0
-29.863000000000003,0.0
-29.852999999999998,0.0
-29.843,0.0
-29.833000000000002,0.0
-29.822999999999997,0.0
-29.813,0.0
-29.803,0.0
-29.793000000000003,0.0
-29.782999999999998,0.0
-29.773,0.0
-29.763,0.0
-29.753000000000004,0.0
-29.743,0.0
-29.733,0.0
-29.723000000000003,0.0
-29.712999999999997,0.0
-29.703,0.0
-29.693,0.0
-29.683000000000003,0.0
-29.673,0.0
-29.663,0.0
-29.653000000000002,0.0
-29.642999999999997,0.0
-29.633,0.0
-29.623,0.0
-29.613000000000003,0.0
-29.602999999999998,0.0
-29.593,0.0
-29.583000000000002,0.0
-29.572999999999997,0.0
-29.563,0.0
-29.553,0.0
-29.543000000000003,0.0
-29.532999999999998,0.0
-29.523,0.0
-29.513,0.0
-29.503000000000004,0.0
-29.493,0.0
-29.483,0.0
-29.473000000000003,0.0
-29.462999999999997,0.0
-29.453,0.0
-29.443,0.0
-29.433000000000003,0.0
-29.423,0.0
-29.413,0.0
-29.403000000000002,0.0
-29.392999999999997,0.0
-29.383,0.0
-29.373,0.0
-29.363000000000003,0.0
-29.352999999999998,0.0
-29.343,0.0
-29.333000000000002,0.0
-29.322999999999997,0.0
-29.313,0.0
-29.303,0.0
-29.293000000000003,0.0
-29.282999999999998,0.0
-29.273,0.0
-29.263,0.0
-29.253000000000004,0.0
-29.243,0.0
-29.233,0.0
-29.223000000000003,0.0
-29.212999999999997,0.0
-29.203,0.0
-29.193,0.0
-29.183000000000003,0.0
-29.173,0.0
-29.163,0.0
-29.153000000000002,0.0
-29.142999999999997,0.0
-29.133,0.0
-29.123,0.0
-29.113000000000003,0.0
-29.102999999999998,0.0
-29.093,0.0
-29.083000000000002,0.0
-29.072999999999997,0.0
-29.063,0.0
-29.053,0.0
-29.043000000000003,0.0
-29.032999999999998,0.0
-29.023,0.0
-29.013,0.0
-29.003000000000004,0.0
-28.993,0.0
-28.983,0.0
-28.973000000000003,0.0
-28.962999999999997,0.0
-28.953,0.0
-28.943,0.0
-28.933000000000003,0.0
-28.923,0.0
-28.913,0.0
-28.903000000000002,0.0
-28.892999999999997,0.0
-28.883,0.0
-28.873,0.0
-28.863000000000003,0.0
-28.852999999999998,0.0
-28.843,0.0
-28.833000000000002,0.0
-28.822999999999997,0.0
-28.813,0.0
-28.803,0.0
-28.793000000000003,0.0
-28.782999999999998,0.0
-28.773,0.0
-28.763,0.0
-28.753000000000004,0.0
-28.743,0.0
-28.733,0.0
-28.723000000000003,0.0
-28.712999999999997,0.0
-28.703,0.0
-28.693,0.0
-28.683000000000003,0.0
-28.673,0.0
-28.663,0.0
-28.653000000000002,0.0
-28.642999999999997,0.0
-28.633,0.0
-28.623,0.0
-28.613000000000003,0.0
-28.602999999999998,0.0
-28.593,0.0
-28.583000000000002,0.0
-28.572999999999997,0.0
-28.563,0.0
-28.553,0.0
-28.543000000000003,0.0
-28.532999999999998,0.0
-28.523,0.0
-28.513,0.0
-28.503000000000004,0.0
-28.493,0.0
-28.483,0.0
-28.473000000000003,0.0
-28.462999999999997,0.0
-28.453,0.0
-28.443,0.0
-28.433000000000003,0.0
-28.423,0.0
-28.413,0.0
-28.403000000000002,0.0
-28.392999999999997,0.0
-28.383,0.0
-28.373,0.0
-28.363000000000003,0.0
-28.352999999999998,0.0
-28.343,0.0
-28.333000000000002,0.0
-28.322999999999997,0.0
-28.313,0.0
-28.303,0.0
-28.293000000000003,0.0
-28.282999999999998,0.0
-28.273,0.0
-28.263,0.0
-28.253000000000004,0.0
-28.243,0.0
-28.233,0.0
-28.223000000000003,0.0
-28.212999999999997,0.0
-28.203,0.0
-28.193,0.0
-28.183000000000003,0.0
-28.173,0.0
-28.163,0.0
-28.153000000000002,0.0
-28.142999999999997,0.0
-28.133,0.0
-28.123,0.0
-28.113000000000003,0.0
-28.102999999999998,0.0
-28.093,0.0
-28.083000000000002,0.0
-28.072999999999997,0.0
-28.063,0.0
-28.053,0.0
-28.043000000000003,0.0
-28.032999999999998,0.0
-28.023,0.0
-28.013,0.0
-28.003000000000004,0.0
-27.993,0.0
-27.983,0.0
-27.973000000000003,0.0
-27.962999999999997,0.0
-27.953,0.0
-27.943,0.0
-27.933000000000003,0.0
-27.923,0.0
-27.913,0.0
-27.903000000000002,0.0
-27.892999999999997,0.0
-27.883,0.0
-27.873,0.0
-27.863000000000003,0.0
-27.852999999999998,0.0
-27.843,0.0
-27.833000000000002,0.0
-27.822999999999997,0.0
-27.813,0.0
-27.803,0.0
-27.793000000000003,0.0
-27.782999999999998,0.0
-27.773,0.0
-27.763,0.0
-27.753000000000004,0.0
-27.743,0.0
-27.733,0.0
-27.723000000000003,0.0
-27.712999999999997,0.0
-27.703,0.0
-27.693,0.0
-27.683000000000003,0.0
-27.673,0.0
-27.663,0.0
-27.653000000000002,0.0
-27.642999999999997,0.0
-27.633,0.0
-27.623,0.0
-27.613000000000003,0.0
-27.602999999999998,0.0
-27.593,0.0
-27.583000000000002,0.0
-27.572999999999997,0.0
-27.563,0.0
-27.553,0.0
-27.543000000000003,0.0
-27.532999999999998,0.0
-27.523,0.0
-27.513,0.0
-27.503000000000004,0.0
-27.493,0.0
-27.483,0.0
-27.473000000000003,0.0
-27.462999999999997,0.0
-27.453,0.0
-27.443,0.0
-27.433000000000003,0.0
-27.423,0.0
-27.413,0.0
-27.403000000000002,0.0
-27.392999999999997,0.0
-27.383,0.0
-27.373,0.0
-27.363000000000003,0.0
-27.352999999999998,0.0
-27.343,0.0
-27.333000000000002,0.0
-27.322999999999997,0.0
-27.313,0.0
-27.303,0.0
-27.293000000000003,0.0
-27.282999999999998,0.0
-27.273,0.0
-27.263,0.0
-27.253000000000004,0.0
-27.243,0.0
-27.233,0.0
-27.223000000000003,0.0
-27.212999999999997,0.0
-27.203,0.0
-27.193,0.0
-27.183000000000003,0.0
-27.173,0.0
-27.163,0.0
-27.153,0.0
-27.143,0.0
-27.133,0.0
-27.123,0.0
-27.113,0.0
-27.103,0.0
-27.093,0.0
-27.083000000000002,0.0
-27.073,0.0
-27.063,0.0
-27.053,0.0
-27.043,0.0
-27.033,0.0
-27.023,0.0
-27.013,0.0
-27.003,0.0
-26.993000000000002,0.0
-26.983,0.0
-26.973,0.0
-26.963,0.0
-26.953,0.0
-26.943,0.0
-26.933,0.0
-26.923000000000002,0.0
-26.913,0.0
-26.903,0.0
-26.893,0.0
-26.883,0.0
-26.873,0.0
-26.863,0.0
-26.853,0.0
-26.843,0.0
-26.833000000000002,0.0
-26.823,0.0
-26.813,0.0
-26.803,0.0
-26.793,0.0
-26.783,0.0
-26.773,0.0
-26.763,0.0
-26.753,0.0
-26.743000000000002,0.0
-26.733,0.0
-26.723,0.0
-26.713,0.0
-26.703,0.0
-26.693,0.0
-26.683,0.0
-26.673000000000002,0.0
-26.663,0.0
-26.653,0.0
-26.643,0.0
-26.633,0.0
-26.623,0.0
-26.613,0.0
-26.603,0.0
-26.593,0.0
-26.583000000000002,0.0
-26.573,0.0
-26.563,0.0
-26.553,0.0
-26.543,0.0
-26.533,0.0
-26.523,0.0
-26.513,0.0
-26.503,0.0
-26.493000000000002,0.0
-26.483,0.0
-26.473,0.0
-26.463,0.0
-26.453,0.0
-26.443,0.0
-26.433,0.0
-26.423000000000002,0.0
-26.413,0.0
-26.403,0.0
-26.393,0.0
-26.383,0.0
-26.373,0.0
-26.363,0.0
-26.353,0.0
-26.343,0.0
-26.333000000000002,0.0
-26.323,0.0
-26.313,0.0
-26.303,0.0
-26.293,0.0
-26.283,0.0
-26.273,0.0
-26.263,0.0
-26.253,0.0
-26.243000000000002,0.0
-26.233,0.0
-26.223,0.0
-26.213,0.0
-26.203,0.0
-26.193,0.0
-26.183,0.0
-26.173000000000002,0.0
-26.163,0.0
-26.153,0.0
-26.143,0.0
-26.133,0.0
-26.123,0.0
-26.113,0.0
-26.103,0.0
-26.093,0.0
-26.083000000000002,0.0
-26.073,0.0
-26.063,0.0
-26.053,0.0
-26.043,0.0
-26.033,0.0
-26.023,0.0
-26.013,0.0
-26.003,0.0
-25.993000000000002,0.0
-25.983,0.0
-25.973,0.0
-25.963,0.0
-25.953,0.0
-25.943,0.0
-25.933,0.0
-25.923000000000002,0.0
-25.913,0.0
-25.903,0.0
-25.893,0.0
-25.883,0.0
-25.873,0.0
-25.863,0.0
-25.853,0.0
-25.843,0.0
-25.833000000000002,0.0
-25.823,0.0
-25.813,0.0
-25.803,0.0
-25.793,0.0
-25.783,0.0
-25.773,0.0
-25.763,0.0
-25.753,0.0
-25.743000000000002,0.0
-25.733,0.0
-25.723,0.0
-25.713,0.0
-25.703,0.0
-25.693,0.0
-25.683,0.0
-25.673000000000002,0.0
-25.663,0.0
-25.653,0.0
-25.643,0.0
-25.633,0.0
-25.623,0.0
-25.613,0.0
-25.603,0.0
-25.593,0.0
-25.583000000000002,0.0
-25.573,0.0
-25.563,0.0
-25.553,0.0
-25.543,0.0
-25.533,0.0
-25.523,0.0
-25.513,0.0
-25.503,0.0
-25.493000000000002,0.0
-25.483,0.0
-25.473,0.0
-25.463,0.0
-25.453,0.0
-25.443,0.0
-25.433,0.0
-25.423000000000002,0.0
-25.413,0.0
-25.403,0.0
-25.393,0.0
-25.383,0.0
-25.373,0.0
-25.363,0.0
-25.353,0.0
-25.343,0.0
-25.333000000000002,0.0
-25.323,0.0
-25.313,0.0
-25.303,0.0
-25.293,0.0
-25.283,0.0
-25.273,0.0
-25.263,0.0
-25.253,0.0
-25.243000000000002,0.0
-25.233,0.0
-25.223,0.0
-25.213,0.0
-25.203,0.0
-25.193,0.0
-25.183,0.0
-25.173000000000002,0.0
-25.163,0.0
-25.153,0.0
-25.143,0.0
-25.133,0.0
-25.123,0.0
-25.113,0.0
-25.103,0.0
-25.093,0.0
-25.083000000000002,0.0
-25.073,0.0
-25.063,0.0
-25.053,0.0
-25.043,0.0
-25.033,0.0
-25.023,0.0
-25.013,0.0
-25.003,0.0
-24.993000000000002,0.0
-24.983,0.0
-24.973,0.0
-24.963,0.0
-24.953,0.0
-24.943,0.0
-24.933,0.0
-24.923000000000002,0.0
-24.913,0.0
-24.903,0.0
-24.893,0.0
-24.883,0.0
-24.873,0.0
-24.863,0.0
-24.853,0.0
-24.843,0.0
-24.833000000000002,0.0
-24.823,0.0
-24.813,0.0
-24.803,0.0
-24.793,0.0
-24.783,0.0
-24.773,0.0
-24.763,0.0
-24.753,0.0
-24.743000000000002,0.0
-24.733,0.0
-24.723,0.0
-24.713,0.0
-24.703,0.0
-24.693,0.0
-24.683,0.0
-24.673000000000002,0.0
-24.663,0.0
-24.653,0.0
-24.643,0.0
-24.633,0.0
-24.623,0.0
-24.613,0.0
-24.603,0.0
-24.593,0.0
-24.583000000000002,0.0
-24.573,0.0
-24.563,0.0
-24.553,0.0
-24.543,0.0
-24.533,0.0
-24.523,0.0
-24.513,0.0
-24.503,0.0
-24.493000000000002,0.0
-24.483,0.0
-24.473,0.0
-24.463,0.0
-24.453,0.0
-24.443,0.0
-24.433,0.0
-24.423000000000002,0.0
-24.413,0.0
-24.403,0.0
-24.393,0.0
-24.383,0.0
-24.373,0.0
-24.363,0.0
-24.353,0.0
-24.343,0.0
-24.333000000000002,0.0
-24.323,0.0
-24.313,0.0
-24.303,0.0
-24.293,0.0
-24.283,0.0
-24.273,0.0
-24.263,0.0
-24.253,0.0
-24.243000000000002,0.0
-24.233,0.0
-24.223,0.0
-24.213,0.0
-24.203,0.0
-24.193,0.0
-24.183,0.0
-24.173000000000002,0.0
-24.163,0.0
-24.153,0.0
-24.143,0.0
-24.133,0.0
-24.123,0.0
-24.113,0.0
-24.103,0.0
-24.093,0.0
-24.083000000000002,0.0
-24.073,0.0
-24.063,0.0
-24.053,0.0
-24.043,0.0
-24.033,0.0
-24.023,0.0
-24.013,0.0
-24.003,0.0
-23.993000000000002,0.0
-23.983,0.0
-23.973,0.0
-23.963,0.0
-23.953,0.0
-23.943,0.0
-23.933,0.0
-23.923000000000002,0.0
-23.913,0.0
-23.903,0.0
-23.893,0.0
-23.883,0.0
-23.873,0.0
-23.863,0.0
-23.853,0.0
-23.843,0.0
-23.833000000000002,0.0
-23.823,0.0
-23.813,0.0
-23.803,0.0
-23.793,0.0
-23.783,0.0
-23.773,0.0
-23.763,0.0
-23.753,0.0
-23.743000000000002,0.0
-23.733,0.0
-23.723,0.0
-23.713,0.0
-23.703,0.0
-23.693,0.0
-23.683,0.0
-23.673000000000002,0.0
-23.663,0.0
-23.653,0.0
-23.643,0.0
-23.633,0.0
-23.623,0.0
-23.613,0.0
-23.603,0.0
-23.593,0.0
-23.583000000000002,0.0
-23.573,0.0
-23.563,0.0
-23.553,0.0
-23.543,0.0
-23.533,0.0
-23.523,0.0
-23.513,0.0
-23.503,0.0
-23.493000000000002,0.0
-23.483,0.0
-23.473,0.0
-23.463,0.0
-23.453,0.0
-23.443,0.0
-23.433,0.0
-23.423000000000002,0.0
-23.413,0.0
-23.403,0.0
-23.393,0.0
-23.383,0.0
-23.373,0.0
-23.363,0.0
-23.353,0.0
-23.343,0.0
-23.333000000000002,0.0
-23.323,0.0
-23.313,0.0
-23.303,0.0
-23.293,0.0
-23.283,0.0
-23.273,0.0
-23.263,0.0
-23.253,0.0
-23.243000000000002,0.0
-23.233,0.0
-23.223,0.0
-23.213,0.0
-23.203,0.0
-23.193,0.0
-23.183,0.0
-23.173000000000002,0.0
-23.163,0.0
-23.153,0.0
-23.143,0.0
-23.133,0.0
-23.123,0.0
-23.113,0.0
-23.103,0.0
-23.093,0.0
-23.083000000000002,0.0
-23.073,0.0
-23.063,0.0
-23.053,0.0
-23.043,0.0
-23.033,0.0
-23.023,0.0
-23.013,0.0
-23.003,0.0
-22.993000000000002,0.0
-22.983,0.0
-22.973,0.0
-22.963,0.0
-22.953,0.0
-22.943,0.0
-22.933,0.0
-22.923000000000002,0.0
-22.913,0.0
-22.903,0.0
-22.893,0.0
-22.883,0.0
-22.873,0.0
-22.863,0.0
-22.853,0.0
-22.843,0.0
-22.833000000000002,0.0
-22.823,0.0
-22.813,0.0
-22.803,0.0
-22.793,0.0
-22.783,0.0
-22.773,0.0
-22.763,0.0
-22.753,0.0
-22.743000000000002,0.0
-22.733,0.0
-22.723,0.0
-22.713,0.0
-22.703,0.0
-22.693,0.0
-22.683,0.0
-22.673000000000002,0.0
-22.663,0.0
-22.653,0.0
-22.643,0.0
-22.633,0.0
-22.623,0.0
-22.613,0.0
-22.603,0.0
-22.593,0.0
-22.583000000000002,0.0
-22.573,0.0
-22.563,0.0
-22.553,0.0
-22.543,0.0
-22.533,0.0
-22.523,0.0
-22.513,0.0
-22.503,0.0
-22.493000000000002,0.0
-22.483,0.0
-22.473,0.0
-22.463,0.0
-22.453,0.0
-22.443,0.0
-22.433,0.0
-22.423000000000002,0.0
-22.413,0.0
-22.403,0.0
-22.393,0.0
-22.383,0.0
-22.373,0.0
-22.363,0.0
-22.353,0.0
-22.343,0.0
-22.333000000000002,0.0
-22.323,0.0
-22.313,0.0
-22.303,0.0
-22.293,0.0
-22.283,0.0
-22.273,0.0
-22.263,0.0
-22.253,0.0
-22.243000000000002,0.0
-22.233,0.0
-22.223,0.0
-22.213,0.0
-22.203,0.0
-22.193,0.0
-22.183,0.0
-22.173000000000002,0.0
-22.163,0.0
-22.153,0.0
-22.143,0.0
-22.133,0.0
-22.123,0.0
-22.113,0.0
-22.103,0.0
-22.093,0.0
-22.083000000000002,0.0
-22.073,0.0
-22.063,0.0
-22.053,0.0
-22.043,0.0
-22.033,0.0
-22.023,0.0
-22.013,0.0
-22.003,0.0
-21.993000000000002,0.0
-21.983,0.0
-21.973,0.0
-21.963,0.0
-21.953,0.0
-21.943,0.0
-21.933,0.0
-21.923000000000002,0.0
-21.913,0.0
-21.903,0.0
-21.893,0.0
-21.883,0.0
-21.873,0.0
-21.863,0.0
-21.853,0.0
-21.843,0.0
-21.833000000000002,0.0
-21.823,0.0
-21.813,0.0
-21.803,0.0
-21.793,0.0
-21.783,0.0
-21.773,0.0
-21.763,0.0
-21.753,0.0
-21.743000000000002,0.0
-21.733,0.0
-21.723,0.0
-21.713,0.0
-21.703,0.0
-21.693,0.0
-21.683,0.0
-21.673000000000002,0.0
-21.663,0.0
-21.653,0.0
-21.643,0.0
-21.633,0.0
-21.623,0.0
-21.613,0.0
-21.603,0.0
-21.593,0.0
-21.583000000000002,0.0
-21.573,0.0
-21.563,0.0
-21.553,0.0
-21.543,0.0
-21.533,0.0
-21.523,0.0
-21.513,0.0
-21.503,0.0
-21.493000000000002,0.0
-21.483,0.0
-21.473,0.0
-21.463,0.0
-21.453,0.0
-21.443,0.0
-21.433,0.0
-21.423000000000002,0.0
-21.413,0.0
-21.403,0.0
-21.393,0.0
-21.383,0.0
-21.373,0.0
-21.363,0.0
-21.353,0.0
-21.343,0.0
-21.333000000000002,0.0
-21.323,0.0
-21.313,0.0
-21.303,0.0
-21.293,0.0
-21.283,0.0
-21.273,0.0
-21.263,0.0
-21.253,0.0
-21.243000000000002,0.0
-21.233,0.0
-21.223,0.0
-21.213,0.0
-21.203,0.0
-21.193,0.0
-21.183,0.0
-21.173000000000002,0.0
-21.163,0.0
-21.153,0.0
-21.143,0.0
-21.133,0.0
-21.123,0.0
-21.113,0.0
-21.103,0.0
-21.093,0.0
-21.083000000000002,0.0
-21.073,0.0
-21.063,0.0
-21.053,0.0
-21.043,0.0
-21.033,0.0
-21.023,0.0
-21.013,0.0
-21.003,0.0
-20.993000000000002,0.0
-20.983,0.0
-20.973,0.0
-20.963,0.0
-20.953,0.0
-20.943,0.0
-20.933,0.0
-20.923000000000002,0.0
-20.913,0.0
-20.903,0.0
-20.893,0.0
-20.883,0.0
-20.873,0.0
-20.863,0.0
-20.853,0.0
-20.843,0.0
-20.833000000000002,0.0
-20.823,0.0
-20.813,0.0
-20.803,0.0
-20.793,0.0
-20.783,0.0
-20.773,0.0
-20.763,0.0
-20.753,0.0
-20.743000000000002,0.0
-20.733,0.0
-20.723,0.0
-20.713,0.0
-20.703,0.0
-20.693,0.0
-20.683,0.0
-20.673000000000002,0.0
-20.663,0.0
-20.653,0.0
-20.643,0.0
-20.633,0.0
-20.623,0.0
-20.613,0.0
-20.603,0.0
-20.593,0.0
-20.583000000000002,0.0
-20.573,0.0
-20.563,0.0
-20.553,0.0
-20.543,0.0
-20.533,0.0
-20.523,0.0
-20.513,0.0
-20.503,0.0
-20.493000000000002,0.0
-20.483,0.0
-20.473,0.0
-20.463,0.0
-20.453,0.0
-20.443,0.0
-20.433,0.0
-20.423000000000002,0.0
-20.413,0.0
-20.403,0.0
-20.393,0.0
-20.383,0.0
-20.373,0.0
-20.363,0.0
-20.353,0.0
-20.343,0.0
-20.333000000000002,0.0
-20.323,0.0
-20.313,0.0
-20.303,0.0
-20.293,0.0
-20.283,0.0
-20.273,0.0
-20.263,0.0
-20.253,0.0
-20.243000000000002,0.0
-20.233,0.0
-20.223,0.0
-20.213,0.0
-20.203,0.0
-20.193,0.0
-20.183,0.0
-20.173000000000002,0.0
-20.163,0.0
-20.153,0.0
-20.143,0.0
-20.133,0.0
-20.123,0.0
-20.113,0.0
-20.103,0.0
-20.093,0.0
-20.083000000000002,0.0
-20.073,0.0
-20.063,0.0
-20.053,0.0
-20.043,0.0
-20.033,0.0
-20.023,0.0
-20.013,0.0
-20.003,0.0
-19.993000000000002,0.0
-19.983,0.0
-19.973,0.0
-19.963,0.0
-19.953,0.0
-19.943,0.0
-19.933,0.0
-19.923000000000002,0.0
-19.913,0.0
-19.903,0.0
-19.893,0.0
-19.883,0.0
-19.873,0.0
-19.863,0.0
-19.853,0.0
-19.843,0.0
-19.833000000000002,0.0
-19.823,0.0
-19.813,0.0
-19.803,0.0
-19.793,0.0
-19.783,0.0
-19.773,0.0
-19.763,0.0
-19.753,0.0
-19.743000000000002,0.0
-19.733,0.0
-19.723,0.0
-19.713,0.0
-19.703,0.0
-19.693,0.0
-19.683,0.0
-19.673000000000002,0.0
-19.663,0.0
-19.653,0.0
-19.643,0.0
-19.633,0.0
-19.623,0.0
-19.613,0.0
-19.603,0.0
-19.593,0.0
-19.583000000000002,0.0
-19.573,0.0
-19.563,0.0
-19.553,0.0
-19.543,0.0
-19.533,0.0
-19.523,0.0
-19.513,0.0
-19.503,0.0
-19.493000000000002,0.0
-19.483,0.0
-19.473,0.0
-19.463,0.0
-19.453,0.0
-19.443,0.0
-19.433,0.0
-19.423000000000002,0.0
-19.413,0.0
-19.403,0.0
-19.393,0.0
-19.383,0.0
-19.373,0.0
-19.363,0.0
-19.353,0.0
-19.343,0.0
-19.333000000000002,0.0
-19.323,0.0
-19.313,0.0
-19.303,0.0
-19.293,0.0
-19.283,0.0
-19.273,0.0
-19.263,0.0
-19.253,0.0
-19.243000000000002,0.0
-19.233,0.0
-19.223,0.0
-19.213,0.0
-19.203,0.0
-19.193,0.0
-19.183,0.0
-19.173000000000002,0.0
-19.163,0.0
-19.153,0.0
-19.143,0.0
-19.133,0.0
-19.123,0.0
-19.113,0.0
-19.103,0.0
-19.093,0.0
-19.083000000000002,0.0
-19.073,0.0
-19.063,0.0
-19.053,0.0
-19.043,0.0
-19.033,0.0
-19.023,0.0
-19.013,0.0
-19.003,0.0
-18.993000000000002,0.0
-18.983,0.0
-18.973,0.0
-18.963,0.0
-18.953,0.0
-18.943,0.0
-18.933,0.0
-18.923000000000002,0.0
-18.913,0.0
-18.903,0.0
-18.893,0.0
-18.883,0.0
-18.873,0.0
-18.863,0.0
-18.853,0.0
-18.843,0.0
-18.833000000000002,0.0
-18.823,0.0
-18.813,0.0
-18.803,0.0
-18.793,0.0
-18.783,0.0
-18.773,0.0
-18.763,0.0
-18.753,0.0
-18.743000000000002,0.0
-18.733,0.0
-18.723,0.0
-18.713,0.0
-18.703,0.0
-18.693,0.0
-18.683,0.0
-18.673000000000002,0.0
-18.663,0.0
-18.653,0.0
-18.643,0.0
-18.633,0.0
-18.623,0.0
-18.613,0.0
-18.603,0.0
-18.593,0.0
-18.583000000000002,0.0
-18.573,0.0
-18.563,0.0
-18.553,0.0
-18.543,0.0
-18.533,0.0
-18.523,0.0
-18.513,0.0
-18.503,0.0
-18.493000000000002,0.0
-18.483,0.0
-18.473,0.0
-18.463,0.0
-18.453,0.0
-18.443,0.0
-18.433,0.0
-18.423000000000002,0.0
-18.413,0.0
-18.403,0.0
-18.393,0.0
-18.383,0.0
-18.373,0.0
-18.363,0.0
-18.353,0.0
-18.343,0.0
-18.333000000000002,0.0
-18.323,0.0
-18.313,0.0
-18.303,0.0
-18.293,0.0
-18.283,0.0
-18.273,0.0
-18.263,0.0
-18.253,0.0
-18.243000000000002,0.0
-18.233,0.0
-18.223,0.0
-18.213,0.0
-18.203,0.0
-18.193,0.0
-18.183,0.0
-18.173000000000002,0.0
-18.163,0.0
-18.153,0.0
-18.143,0.0
-18.133,0.0
-18.123,0.0
-18.113,0.0
-18.103,0.0
-18.093,0.0
-18.083000000000002,0.0
-18.073,0.0
-18.063,0.0
-18.053,0.0
-18.043,0.0
-18.033,0.0
-18.023,0.0
-18.013,0.0
-18.003,0.0
-17.993000000000002,0.0
-17.983,0.0
-17.973,0.0
-17.963,0.0
-17.953,0.0
-17.943,0.0
-17.933,0.0
-17.923000000000002,0.0
-17.913,0.0
-17.903,0.0
-17.893,0.0
-17.883,0.0
-17.873,0.0
-17.863,0.0
-17.853,0.0
-17.843,0.0
-17.833000000000002,0.0
-17.823,0.0
-17.813,0.0
-17.803,0.0
-17.793,0.0
-17.783,0.0
-17.773,0.0
-17.763,0.0
-17.753,0.0
-17.743000000000002,0.0
-17.733,0.0
-17.723,0.0
-17.713,0.0
-17.703,0.0
-17.693,0.0
-17.683,0.0
-17.673000000000002,0.0
-17.663,0.0
-17.653,0.0
-17.643,0.0
-17.633,0.0
-17.623,0.0
-17.613,0.0
-17.603,0.0
-17.593,0.0
-17.583000000000002,0.0
-17.573,0.0
-17.563,0.0
-17.553,0.0
-17.543,0.0
-17.533,0.0
-17.523,0.0
-17.513,0.0
-17.503,0.0
-17.493000000000002,0.0
-17.483,0.0
-17.473,0.0
-17.463,0.0
-17.453,0.0
-17.443,0.0
-17.433,0.0
-17.423000000000002,0.0
-17.413,0.0
-17.403,0.0
-17.393,0.0
-17.383,0.0
-17.373,0.0
-17.363,0.0
-17.353,0.0
-17.343,0.0
-17.333000000000002,0.0
-17.323,0.0
-17.313,0.0
-17.303,0.0
-17.293,0.0
-17.283,0.0
-17.273,0.0
-17.263,0.0
-17.253,0.0
-17.243000000000002,0.0
-17.233,0.0
-17.223,0.0
-17.213,0.0
-17.203,0.0
-17.193,0.0
-17.183,0.0
-17.173000000000002,0.0
-17.163,0.0
-17.153,0.0
-17.143,0.0
-17.133,0.0
-17.123,0.0
-17.113,0.0
-17.103,0.0
-17.093,0.0
-17.083000000000002,0.0
-17.073,0.0
-17.063,0.0
-17.053,0.0
-17.043,0.0
-17.033,0.0
-17.023,0.0
-17.013,0.0
-17.003,0.0
-16.993000000000002,0.0
-16.983,0.0
-16.973,0.0
-16.963,0.0
-16.953,0.0
-16.943,0.0
-16.933,0.0
-16.923000000000002,0.0
-16.913,0.0
-16.903,0.0
-16.893,0.0
-16.883,0.0
-16.873,0.0
-16.863,0.0
-16.853,0.0
-16.843,0.0
-16.833000000000002,0.0
-16.823,0.0
-16.813,0.0
-16.803,0.0
-16.793,0.0
-16.783,0.0
-16.773,0.0
-16.763,0.0
-16.753,0.0
-16.743000000000002,0.0
-16.733,0.0
-16.723,0.0
-16.713,0.0
-16.703,0.0
-16.693,0.0
-16.683,0.0
-16.673000000000002,0.0
-16.663,0.0
-16.653,0.0
-16.643,0.0
-16.633,0.0
-16.623,0.0
-16.613,0.0
-16.603,0.0
-16.593,0.0
-16.583000000000002,0.0
-16.573,0.0
-16.563,0.0
-16.553,0.0
-16.543,0.0
-16.533,0.0
-16.523,0.0
-16.513,0.0
-16.503,0.0
-16.493000000000002,0.0
-16.483,0.0
-16.473,0.0
-16.463,0.0
-16.453,0.0
-16.443,0.0
-16.433,0.0
-16.423000000000002,0.0
-16.413,0.0
-16.403,0.0
-16.393,0.0
-16.383,0.0
-16.373,0.0
-16.363,0.0
-16.353,0.0
-16.343,0.0
-16.333000000000002,0.0
-16.323,0.0
-16.313,0.0
-16.303,0.0
-16.293,0.0
-16.283,0.0
-16.273,0.0
-16.263,0.0
-16.253,0.0
-16.243000000000002,0.0
-16.233,0.0
-16.223,0.0
-16.213,0.0
-16.203,0.0
-16.193,0.0
-16.183,0.0
-16.173000000000002,0.0
-16.163,0.0
-16.153,0.0
-16.143,0.0
-16.133,0.0
-16.123,0.0
-16.113,0.0
-16.103,6.077763195899999e-17
-16.093,1.2696593266400003e-16
-16.083000000000002,2.6190561873700007e-16
-16.073,5.3422519858e-16
-16.063,1.07967300804e-15
-16.053,2.1562221606700002e-15
-16.043,4.256445070099999e-15
-16.033,8.3349050234e-15
-16.023,1.6109094007999996e-14
-16.013,3.0817515530500004e-14
-16.003,5.8324084712e-14
-15.993000000000002,1.0960079660699994e-13
-15.983,2.02965100174e-13
-15.972999999999999,3.7252182404e-13
-15.963000000000001,6.751785186700002e-13
-15.953,1.21043889409e-12
-15.943000000000001,2.1481648469899996e-12
-15.933,3.767345554600001e-12
-15.923000000000002,6.557721834499998e-12
-15.913,1.1266920300299995e-11
-15.902999999999999,1.9153422531299995e-11
-15.893,3.2237912083699996e-11
-15.883,5.372932310399998e-11
-15.873000000000001,8.846601220000004e-11
-15.863,1.44147759e-10
-15.853000000000002,2.3262508700000004e-10
-15.843,3.710618009999999e-10
-15.833000000000002,5.8644763e-10
-15.823,9.1551375e-10
-15.812999999999999,1.4172979699999995e-09
-15.803,2.1696434e-09
-15.793,3.2870646000000002e-09
-15.783000000000001,4.9312315e-09
-15.773,7.3205954000000016e-09
-15.763000000000002,1.0758789e-08
-15.753,1.5671653999999995e-08
-15.743000000000002,2.2586152999999997e-08
-15.733,3.2233727000000005e-08
-15.722999999999999,4.556392999999998e-08
-15.713000000000001,6.388334e-08
-15.703,8.858546000000004e-08
-15.693000000000001,1.2199548e-07
-15.683,1.6624589999999997e-07
-15.673000000000002,2.2475879999999997e-07
-15.663,3.015401e-07
-15.652999999999999,4.017425e-07
-15.643,5.310519999999998e-07
-15.633,6.95786e-07
-15.623000000000001,9.051700000000002e-07
-15.613,1.1714650000000002e-06
-15.603000000000002,1.5068550000000002e-06
-15.593,1.92734e-06
-15.583000000000002,2.4554599999999998e-06
-15.573,3.1161299999999997e-06
-15.562999999999999,3.94338e-06
-15.553,4.964899999999997e-06
-15.543,6.23724e-06
-15.533000000000001,7.8039e-06
-15.523,9.775499999999998e-06
-15.513000000000002,1.2196000000000005e-05
-15.503,1.52164e-05
-15.493000000000002,1.89681e-05
-15.483,2.3612300000000008e-05
-15.472999999999999,2.9361000000000006e-05
-15.463000000000001,3.646399999999999e-05
-15.453,4.5187e-05
-15.443000000000001,5.590100000000002e-05
-15.433,6.897499999999998e-05
-15.423000000000002,8.489200000000001e-05
-15.413,0.00010421199999999998
-15.402999999999999,0.00012733000000000004
-15.393,0.00015515999999999997
-15.383,0.00018790000000000007
-15.373000000000001,0.00022663999999999998
-15.363,0.00027203000000000004
-15.353000000000002,0.00032457
-15.343,0.00038490000000000014
-15.333000000000002,0.00045390999999999997
-15.323,0.00053165
-15.312999999999999,0.00061872
-15.303,0.0007160799999999997
-15.293,0.0008228700000000001
-15.283000000000001,0.0009392999999999998
-15.273,0.0010649999999999998
-15.263000000000002,0.0012001999999999998
-15.253,0.0013439999999999995
-15.243000000000002,0.0014948999999999997
-15.233,0.0016529999999999995
-15.222999999999999,0.0018156000000000003
-15.213000000000001,0.0019834000000000006
-15.203,0.0021529999999999995
-15.193000000000001,0.0023242000000000002
-15.183,0.0024955999999999997
-15.173000000000002,0.0026631000000000007
-15.163,0.0028280000000000007
-15.152999999999999,0.0029863
-15.143,0.0031368
-15.133,0.0032792999999999993
-15.123000000000001,0.0034108000000000003
-15.113,0.0035295
-15.103000000000002,0.0036377999999999996
-15.093,0.0037271000000000006
-15.083000000000002,0.0038046999999999994
-15.073,0.0038640999999999997
-15.062999999999999,0.003910299999999999
-15.053,0.0039418000000000005
-15.043,0.0039538
-15.033000000000001,0.0039489
-15.023,0.0039309
-15.013000000000002,0.0039005999999999997
-15.003,0.0038593000000000004
-14.993000000000002,0.0038067999999999995
-14.983,0.0037486999999999998
-14.972999999999999,0.0036830000000000005
-14.963000000000001,0.0036184
-14.953,0.0035551
-14.943000000000001,0.0034984
-14.933,0.0034527999999999994
-14.923000000000002,0.0034219000000000003
-14.913,0.0034094
-14.902999999999999,0.0034228999999999996
-14.893,0.0034628999999999992
-14.883,0.0035361
-14.873000000000001,0.0036436000000000003
-14.863,0.003793199999999999
-14.853000000000002,0.003985300000000001
-14.843,0.004219800000000001
-14.833000000000002,0.004499499999999999
-14.823,0.004828599999999999
-14.812999999999999,0.0052032
-14.803,0.005627300000000001
-14.793,0.006094200000000003
-14.783000000000001,0.006601100000000001
-14.773,0.007152500000000001
-14.763000000000002,0.007748900000000003
-14.753,0.008376000000000001
-14.743000000000002,0.009043
-14.733,0.009748000000000001
-14.722999999999999,0.010470000000000004
-14.713000000000001,0.011231000000000003
-14.703,0.012010000000000003
-14.693000000000001,0.012815000000000003
-14.683,0.013637000000000002
-14.673000000000002,0.014473000000000001
-14.663,0.015325000000000002
-14.652999999999999,0.016170999999999998
-14.643,0.017024
-14.633,0.017863000000000004
-14.623000000000001,0.01869
-14.613,0.019492999999999996
-14.603000000000002,0.020272999999999996
-14.593,0.021008999999999996
-14.583000000000002,0.021691999999999996
-14.573,0.022320999999999997
-14.562999999999999,0.022904999999999995
-14.553,0.02339899999999999
-14.543,0.02381700000000001
-14.533000000000001,0.024143
-14.523,0.024393999999999992
-14.513000000000002,0.024540999999999997
-14.503,0.024602999999999996
-14.493000000000002,0.024546
-14.483,0.024401
-14.472999999999999,0.024156000000000007
-14.463000000000001,0.023826999999999997
-14.453,0.02342
-14.443000000000001,0.022935
-14.433,0.02238
-14.423000000000002,0.021772999999999997
-14.413,0.021141
-14.402999999999999,0.020485000000000003
-14.393,0.019831000000000005
-14.383,0.019207000000000002
-14.373000000000001,0.018640000000000004
-14.363,0.018159
-14.353000000000002,0.017811000000000007
-14.343,0.017633
-14.333000000000002,0.017677
-14.323,0.018012
-14.312999999999999,0.018695
-14.303,0.019796
-14.293,0.021401999999999997
-14.283000000000001,0.023600000000000003
-14.273,0.026464
-14.263000000000002,0.030104999999999993
-14.253,0.03457900000000001
-14.243000000000002,0.03996699999999999
-14.233,0.046401000000000005
-14.222999999999999,0.053917000000000014
-14.213000000000001,0.06251799999999999
-14.203,0.07221000000000001
-14.193000000000001,0.08302499999999997
-14.183,0.09492899999999999
-14.173000000000002,0.10787799999999999
-14.163,0.121917
-14.152999999999999,0.13677199999999998
-14.143,0.15233
-14.133,0.1685300000000001
-14.123000000000001,0.18535999999999997
-14.113,0.20249999999999996
-14.103000000000002,0.22014000000000003
-14.093,0.23800000000000004
-14.083000000000002,0.2561600000000001
-14.073,0.27468
-14.062999999999999,0.2937
-14.053,0.31323000000000006
-14.043,0.3336799999999999
-14.033000000000001,0.35513000000000006
-14.023,0.37797999999999987
-14.013000000000002,0.40252000000000004
-14.003,0.42974999999999997
-13.993000000000002,0.45846999999999993
-13.983,0.49056
-13.972999999999999,0.5256500000000001
-13.963000000000001,0.56439
-13.953,0.6054400000000001
-13.943000000000001,0.6504599999999998
-13.933,0.6988700000000003
-13.923000000000002,0.7505599999999999
-13.913,0.8053100000000001
-13.902999999999999,0.86203
-13.893,0.9206399999999999
-13.883,0.9813600000000002
-13.873000000000001,1.0425
-13.863,1.1039
-13.853000000000002,1.1662999999999997
-13.843,1.2274999999999998
-13.833000000000002,1.2872999999999997
-13.823,1.346
-13.812999999999999,1.4033000000000004
-13.803,1.4584
-13.793,1.5121000000000004
-13.783000000000001,1.5635
-13.773,1.6145
-13.763000000000002,1.6635000000000002
-13.753,1.7127999999999999
-13.743000000000002,1.7622000000000004
-13.733,1.8118999999999996
-13.722999999999999,1.8644000000000003
-13.713000000000001,1.9199
-13.703,1.9791999999999996
-13.693000000000001,2.0427
-13.683,2.1137
-13.673000000000002,2.1904999999999997
-13.663,2.2762999999999995
-13.652999999999999,2.3699999999999997
-13.643,2.4737
-13.633,2.5867
-13.623000000000001,2.708799999999999
-13.613,2.840799999999999
-13.603000000000002,2.9813999999999994
-13.593,3.1313999999999997
-13.583000000000002,3.288
-13.573,3.451600000000001
-13.562999999999999,3.6201000000000008
-13.553,3.7930999999999995
-13.543,3.9659
-13.533000000000001,4.1501
-13.523,4.3294000000000015
-13.513000000000002,4.502300000000001
-13.503,4.686300000000001
-13.493000000000002,4.8693
-13.483,5.037599999999999
-13.472999999999999,5.221100000000001
-13.463000000000001,5.3969000000000005
-13.453,5.578899999999999
-13.443000000000001,5.758400000000001
-13.433,5.9540000000000015
-13.423000000000002,6.141
-13.413,6.338799999999997
-13.402999999999999,6.550000000000003
-13.393,6.7710000000000035
-13.383,6.999999999999997
-13.373000000000001,7.239999999999996
-13.363,7.490000000000001
-13.353000000000002,7.745000000000001
-13.343,8.022999999999998
-13.333000000000002,8.304999999999998
-13.323,8.590000000000002
-13.312999999999999,8.881000000000002
-13.303,9.174999999999997
-13.293,9.472
-13.283000000000001,9.754999999999999
-13.273,10.045
-13.263000000000002,10.318000000000001
-13.253,10.592000000000002
-13.243000000000002,10.824999999999998
-13.233,11.042
-13.222999999999999,11.237000000000002
-13.213000000000001,11.406
-13.203,11.535000000000007
-13.193000000000001,11.634000000000006
-13.183,11.687
-13.173000000000002,11.722000000000001
-13.163,11.706999999999999
-13.152999999999999,11.647000000000002
-13.143,11.547999999999995
-13.133,11.402999999999999
-13.123000000000001,11.224000000000002
-13.113,10.991999999999999
-13.103000000000002,10.717000000000006
-13.093,10.411
-13.083000000000002,10.063999999999998
-13.073,9.678000000000003
-13.062999999999999,9.256000000000002
-13.053,8.812000000000001
-13.043,8.353
-13.033000000000001,7.862799999999999
-13.023,7.366500000000004
-13.013000000000002,6.863099999999999
-13.003,6.354700000000002
-12.993000000000002,5.851899999999998
-12.983,5.352499999999998
-12.972999999999999,4.87
-12.963000000000001,4.4045
-12.953,3.9559
-12.943000000000001,3.5288000000000017
-12.933,3.1324000000000005
-12.923000000000002,2.7643000000000004
-12.913,2.4189
-12.902999999999999,2.1048000000000004
-12.893,1.8194000000000006
-12.883,1.5612199999999998
-12.873000000000001,1.3305900000000002
-12.863,1.12617
-12.853000000000002,0.9464599999999994
-12.843,0.7895200000000001
-12.833000000000002,0.6539199999999998
-12.823,0.53702
-12.812999999999999,0.43812999999999996
-12.803,0.3544399999999999
-12.793,0.28449899999999995
-12.783000000000001,0.226275
-12.773,0.1787620000000001
-12.763000000000002,0.139854
-12.753,0.10853000000000003
-12.743000000000002,0.08345400000000001
-12.733,0.0635926
-12.722999999999999,0.0480461
-12.713000000000001,0.0359642
-12.703,0.026690200000000008
-12.693000000000001,0.019596999999999996
-12.683,0.014263200000000002
-12.673000000000002,0.010280489999999998
-12.663,0.007338419999999999
-12.652999999999999,0.005187079999999999
-12.643,0.0036309899999999993
-12.633,0.0025161999999999997
-12.623000000000001,0.0017280039999999996
-12.613,0.0011728120000000007
-12.603000000000002,0.0007885240000000004
-12.593,0.0005252240000000001
-12.583000000000002,0.00034583299999999987
-12.573,0.00022574379999999993
-12.562999999999999,0.00014569160000000003
-12.553,9.301860000000001e-05
-12.543,5.8840199999999986e-05
-12.533000000000001,3.679133999999999e-05
-12.523,2.2768950000000005e-05
-12.513000000000002,1.3954089999999997e-05
-12.503,8.468300000000003e-06
-12.493000000000002,5.080445e-06
-12.483,3.0160410000000005e-06
-12.472999999999999,1.7733109999999997e-06
-12.463000000000001,1.0303539999999997e-06
-12.453,5.925476999999998e-07
-12.443000000000001,3.3718840000000004e-07
-12.433,1.8974540000000006e-07
-12.423000000000002,1.0586067999999999e-07
-12.413,5.837166999999998e-08
-12.402999999999999,3.1830350000000013e-08
-12.393,1.7172269999999997e-08
-12.383,9.171434e-09
-12.373000000000001,4.842746e-09
-12.363,2.5266709999999994e-09
-12.353000000000002,1.3073359e-09
-12.343,6.675619e-10
-12.333000000000002,3.3808098e-10
-12.323,1.6874851999999998e-10
-12.312999999999999,8.311225200000002e-11
-12.303,4.078191e-11
-12.293,1.9819118e-11
-12.283000000000001,9.504657699999998e-12
-12.273,3.2407352159999993e-12
-12.263000000000002,0.0
-12.253,0.0
-12.243000000000002,0.0
-12.233,0.0
-12.222999999999999,0.0
-12.213000000000001,0.0
-12.203,0.0
-12.193000000000001,0.0
-12.183,0.0
-12.173000000000002,0.0
-12.163,0.0
-12.152999999999999,0.0
-12.143,0.0
-12.133,0.0
-12.123000000000001,0.0
-12.113,0.0
-12.103000000000002,0.0
-12.093,0.0
-12.083000000000002,0.0
-12.073,0.0
-12.062999999999999,0.0
-12.053,0.0
-12.043,0.0
-12.033000000000001,0.0
-12.023,0.0
-12.013000000000002,0.0
-12.003,0.0
-11.993000000000002,0.0
-11.983,0.0
-11.972999999999999,0.0
-11.963000000000001,0.0
-11.953,0.0
-11.943000000000001,0.0
-11.933,0.0
-11.923000000000002,0.0
-11.913,0.0
-11.902999999999999,0.0
-11.893,0.0
-11.883,0.0
-11.873000000000001,0.0
-11.863,0.0
-11.853000000000002,0.0
-11.843,0.0
-11.833000000000002,0.0
-11.823,0.0
-11.812999999999999,0.0
-11.803,0.0
-11.793,0.0
-11.783000000000001,0.0
-11.773,0.0
-11.763000000000002,0.0
-11.753,0.0
-11.743000000000002,0.0
-11.733,0.0
-11.722999999999999,0.0
-11.713000000000001,0.0
-11.703,0.0
-11.693000000000001,0.0
-11.683,0.0
-11.673000000000002,0.0
-11.663,0.0
-11.652999999999999,0.0
-11.643,0.0
-11.633,0.0
-11.623000000000001,0.0
-11.613,0.0
-11.603000000000002,0.0
-11.593,0.0
-11.583000000000002,0.0
-11.573,0.0
-11.562999999999999,0.0
-11.553,0.0
-11.543,0.0
-11.533000000000001,0.0
-11.523,0.0
-11.513000000000002,0.0
-11.503,0.0
-11.493000000000002,0.0
-11.483,0.0
-11.472999999999999,0.0
-11.463000000000001,0.0
-11.453,0.0
-11.443000000000001,0.0
-11.433,0.0
-11.423000000000002,0.0
-11.413,0.0
-11.402999999999999,0.0
-11.393,0.0
-11.383,0.0
-11.373000000000001,0.0
-11.363,0.0
-11.353000000000002,0.0
-11.343,0.0
-11.333000000000002,0.0
-11.323,0.0
-11.312999999999999,0.0
-11.303,0.0
-11.293,0.0
-11.283000000000001,0.0
-11.273,0.0
-11.263000000000002,0.0
-11.253,0.0
-11.243000000000002,0.0
-11.233,0.0
-11.222999999999999,0.0
-11.213000000000001,0.0
-11.203,0.0
-11.193000000000001,0.0
-11.183,0.0
-11.173000000000002,0.0
-11.163,0.0
-11.153,0.0
-11.143,0.0
-11.133000000000001,0.0
-11.123000000000001,0.0
-11.113,0.0
-11.103,0.0
-11.093,0.0
-11.083,0.0
-11.073,0.0
-11.063,0.0
-11.053,0.0
-11.043000000000001,0.0
-11.033000000000001,0.0
-11.023,0.0
-11.013,0.0
-11.003,0.0
-10.993,0.0
-10.983,0.0
-10.973,0.0
-10.963000000000001,0.0
-10.953000000000001,0.0
-10.943,0.0
-10.933,0.0
-10.923,0.0
-10.913,0.0
-10.903,0.0
-10.893,0.0
-10.883000000000001,0.0
-10.873000000000001,0.0
-10.863,0.0
-10.853,0.0
-10.843,0.0
-10.833,0.0
-10.823,0.0
-10.813,0.0
-10.803,0.0
-10.793000000000001,0.0
-10.783000000000001,0.0
-10.773,0.0
-10.763,0.0
-10.753,0.0
-10.743,0.0
-10.733,0.0
-10.723,0.0
-10.713000000000001,0.0
-10.703000000000001,0.0
-10.693,0.0
-10.683,0.0
-10.673,0.0
-10.663,0.0
-10.653,0.0
-10.643,0.0
-10.633000000000001,0.0
-10.623000000000001,0.0
-10.613,0.0
-10.603,0.0
-10.593,0.0
-10.583,0.0
-10.573,0.0
-10.563,0.0
-10.553,0.0
-10.543000000000001,0.0
-10.533000000000001,0.0
-10.523,0.0
-10.513,0.0
-10.503,0.0
-10.493,0.0
-10.483,0.0
-10.473,0.0
-10.463000000000001,0.0
-10.453000000000001,0.0
-10.443,0.0
-10.433,0.0
-10.423,0.0
-10.413,0.0
-10.403,0.0
-10.393,0.0
-10.383000000000001,0.0
-10.373000000000001,0.0
-10.363,0.0
-10.353,0.0
-10.343,0.0
-10.333,0.0
-10.323,0.0
-10.313,0.0
-10.303,0.0
-10.293000000000001,0.0
-10.283000000000001,0.0
-10.273,0.0
-10.263,0.0
-10.253,0.0
-10.243,0.0
-10.233,0.0
-10.223,0.0
-10.213000000000001,0.0
-10.203000000000001,0.0
-10.193,0.0
-10.183,0.0
-10.173,0.0
-10.163,0.0
-10.153,0.0
-10.143,0.0
-10.133000000000001,0.0
-10.123000000000001,0.0
-10.113,0.0
-10.103,0.0
-10.093,0.0
-10.083,0.0
-10.073,0.0
-10.063,0.0
-10.053,0.0
-10.043000000000001,0.0
-10.033000000000001,0.0
-10.023,0.0
-10.013,0.0
-10.003,0.0
-9.993,0.0
-9.983,0.0
-9.973,0.0
-9.963000000000001,0.0
-9.953000000000001,0.0
-9.943,0.0
-9.933,0.0
-9.923,0.0
-9.913,0.0
-9.903,0.0
-9.893,0.0
-9.883000000000001,0.0
-9.873000000000001,0.0
-9.863,0.0
-9.853,0.0
-9.843,0.0
-9.833,0.0
-9.823,0.0
-9.813,0.0
-9.803,0.0
-9.793000000000001,0.0
-9.783000000000001,0.0
-9.773,0.0
-9.763,0.0
-9.753,0.0
-9.743,0.0
-9.733,0.0
-9.723,0.0
-9.713000000000001,0.0
-9.703000000000001,0.0
-9.693,0.0
-9.683,0.0
-9.673,0.0
-9.663,0.0
-9.653,0.0
-9.643,0.0
-9.633000000000001,0.0
-9.623000000000001,0.0
-9.613,0.0
-9.603,0.0
-9.593,0.0
-9.583,0.0
-9.573,0.0
-9.563,0.0
-9.553,0.0
-9.543000000000001,0.0
-9.533000000000001,0.0
-9.523,0.0
-9.513,0.0
-9.503,0.0
-9.493,0.0
-9.483,0.0
-9.473,0.0
-9.463000000000001,0.0
-9.453000000000001,0.0
-9.443,0.0
-9.433,0.0
-9.423,0.0
-9.413,0.0
-9.403,0.0
-9.393,0.0
-9.383000000000001,0.0
-9.373000000000001,0.0
-9.363,0.0
-9.353,0.0
-9.343,0.0
-9.333,0.0
-9.323,0.0
-9.313,0.0
-9.303,0.0
-9.293000000000001,0.0
-9.283000000000001,0.0
-9.273,0.0
-9.263,0.0
-9.253,0.0
-9.243,0.0
-9.233,0.0
-9.223,0.0
-9.213000000000001,0.0
-9.203000000000001,0.0
-9.193,0.0
-9.183,0.0
-9.173,0.0
-9.163,0.0
-9.153,0.0
-9.143,0.0
-9.133000000000001,0.0
-9.123000000000001,0.0
-9.113,0.0
-9.103,0.0
-9.093,0.0
-9.083,0.0
-9.073,0.0
-9.063,0.0
-9.053,0.0
-9.043000000000001,0.0
-9.033000000000001,0.0
-9.023,0.0
-9.013,0.0
-9.003,0.0
-8.993,0.0
-8.983,0.0
-8.973,0.0
-8.963000000000001,0.0
-8.953000000000001,0.0
-8.943,0.0
-8.933,0.0
-8.923,0.0
-8.913,0.0
-8.903,0.0
-8.893,0.0
-8.883000000000001,0.0
-8.873000000000001,0.0
-8.863,0.0
-8.853,0.0
-8.843,0.0
-8.833,0.0
-8.823,0.0
-8.813,0.0
-8.803,0.0
-8.793000000000001,0.0
-8.783000000000001,0.0
-8.773,0.0
-8.763,0.0
-8.753,0.0
-8.743,0.0
-8.733,0.0
-8.723,0.0
-8.713000000000001,0.0
-8.703000000000001,0.0
-8.693,0.0
-8.683,0.0
-8.673,0.0
-8.663,0.0
-8.653,0.0
-8.643,0.0
-8.633000000000001,0.0
-8.623000000000001,0.0
-8.613,0.0
-8.603,0.0
-8.593,0.0
-8.583,0.0
-8.573,0.0
-8.563,0.0
-8.553,0.0
-8.543000000000001,0.0
-8.533000000000001,0.0
-8.523,0.0
-8.513,0.0
-8.503,0.0
-8.493,0.0
-8.483,0.0
-8.473,0.0
-8.463000000000001,0.0
-8.453000000000001,0.0
-8.443,0.0
-8.433,0.0
-8.423,0.0
-8.413,0.0
-8.403,0.0
-8.393,0.0
-8.383000000000001,0.0
-8.373000000000001,0.0
-8.363,0.0
-8.353,0.0
-8.343,0.0
-8.333,0.0
-8.323,0.0
-8.313,0.0
-8.303,0.0
-8.293000000000001,0.0
-8.283000000000001,0.0
-8.273,0.0
-8.263,0.0
-8.253,0.0
-8.243,0.0
-8.233,0.0
-8.223,0.0
-8.213000000000001,0.0
-8.203000000000001,0.0
-8.193,0.0
-8.183,0.0
-8.173,0.0
-8.163,0.0
-8.153,0.0
-8.143,0.0
-8.133000000000001,0.0
-8.123000000000001,0.0
-8.113,0.0
-8.103,0.0
-8.093,0.0
-8.083,0.0
-8.073,0.0
-8.063,0.0
-8.053,0.0
-8.043000000000001,0.0
-8.033000000000001,0.0
-8.023,0.0
-8.013,0.0
-8.003,9.382458861652002e-14
-7.993,1.9638425929415001e-13
-7.9830000000000005,4.068697806801e-13
-7.973000000000001,8.355692854926001e-13
-7.963000000000001,1.6942801611082002e-12
-7.953000000000001,3.398432982317801e-12
-7.943,6.742846964328999e-12
-7.933,1.3244735287124002e-11
-7.923,2.61124798e-11
-7.913,5.031461550000001e-11
-7.9030000000000005,9.573790999999999e-11
-7.893000000000001,1.8023834999999998e-10
-7.883000000000001,3.3584749900000007e-10
-7.873000000000001,6.199397649999999e-10
-7.8629999999999995,1.1298373300000004e-09
-7.853,2.04028508e-09
-7.843,3.646832899999999e-09
-7.833,6.4458752e-09
-7.823,1.12670009e-08
-7.813000000000001,1.951520840000001e-08
-7.803000000000001,3.3405275699999984e-08
-7.793000000000001,5.6672711999999995e-08
-7.783000000000001,9.496300899999997e-08
-7.773,1.57648845e-07
-7.763,2.591344520000001e-07
-7.753,4.2136705e-07
-7.743,6.789640899999999e-07
-7.7330000000000005,1.0807597800000003e-06
-7.723000000000001,1.7022647799999995e-06
-7.713000000000001,2.6592384999999998e-06
-7.703000000000001,4.108316899999999e-06
-7.693,6.297521199999999e-06
-7.683,9.527168999999998e-06
-7.673,1.4288160200000004e-05
-7.663,2.1217896e-05
-7.6530000000000005,3.1197459e-05
-7.643000000000001,4.550258199999999e-05
-7.633000000000001,6.5512433e-05
-7.623000000000001,9.3619507e-05
-7.6129999999999995,0.00013251805999999998
-7.603,0.00018589761000000006
-7.593,0.00025825062
-7.583,0.00035557125
-7.573,0.0004849804399999999
-7.563000000000001,0.0006557649199999999
-7.553000000000001,0.00087753883
-7.543000000000001,0.0011646375000000002
-7.533000000000001,0.0015310487999999995
-7.523,0.0019984078000000005
-7.513,0.0025824990999999994
-7.503,0.003307203799999999
-7.493,0.004202784
-7.4830000000000005,0.005293375499999999
-7.473000000000001,0.006607353000000001
-7.463000000000001,0.008184075
-7.453000000000001,0.010033483
-7.443,0.012211846999999998
-7.433,0.014737202000000001
-7.423,0.017619081999999998
-7.413,0.020898528000000006
-7.4030000000000005,0.024543162000000007
-7.393000000000001,0.028597869999999997
-7.383000000000001,0.033027505000000006
-7.373000000000001,0.037847389999999995
-7.3629999999999995,0.042932280000000024
-7.353,0.048244489999999994
-7.343,0.05376534999999998
-7.333,0.05942211999999999
-7.323,0.06514689000000001
-7.313000000000001,0.07051463999999999
-7.303000000000001,0.07586731000000002
-7.293000000000001,0.08068641
-7.283000000000001,0.08524067000000005
-7.273,0.08904086
-7.263,0.09225570000000002
-7.253,0.0946879
-7.243,0.09639869999999998
-7.2330000000000005,0.09722410000000001
-7.223000000000001,0.09712980000000003
-7.213000000000001,0.0962512
-7.203000000000001,0.09450499999999999
-7.193,0.09205799999999999
-7.183,0.08897259999999999
-7.173,0.08544689999999996
-7.163,0.0815129
-7.1530000000000005,0.07717230000000003
-7.143000000000001,0.07276300000000001
-7.133000000000001,0.06845100000000001
-7.123000000000001,0.064166
-7.1129999999999995,0.060077999999999986
-7.103,0.05625399999999999
-7.093,0.052803999999999976
-7.083,0.04977900000000001
-7.073,0.04718099999999999
-7.063000000000001,0.04504399999999999
-7.053000000000001,0.043355
-7.043000000000001,0.042119000000000004
-7.033000000000001,0.04128699999999998
-7.023,0.040818999999999994
-7.013,0.040760000000000005
-7.003,0.040984000000000013
-6.993,0.041553
-6.9830000000000005,0.042414000000000014
-6.973000000000001,0.043594999999999995
-6.963000000000001,0.04511599999999998
-6.953000000000001,0.04698000000000001
-6.943,0.049281000000000005
-6.933,0.052073
-6.923,0.05548800000000001
-6.913,0.05961000000000001
-6.9030000000000005,0.064636
-6.893000000000001,0.07077900000000001
-6.883000000000001,0.07823999999999998
-6.873000000000001,0.08733
-6.8629999999999995,0.09845999999999999
-6.853,0.11208000000000001
-6.843,0.12865
-6.833,0.14902
-6.823,0.17386
-6.813000000000001,0.20419000000000004
-6.803000000000001,0.24120999999999998
-6.793000000000001,0.28616999999999987
-6.783000000000001,0.34009999999999996
-6.773,0.4060699999999999
-6.763,0.4848499999999999
-6.753,0.5789100000000003
-6.743,0.6891200000000001
-6.7330000000000005,0.8185499999999999
-6.723000000000001,0.9702500000000002
-6.713000000000001,1.1437400000000004
-6.703000000000001,1.3415300000000001
-6.693,1.5642199999999993
-6.683,1.8121199999999997
-6.673,2.086
-6.663,2.3829999999999996
-6.6530000000000005,2.7034000000000002
-6.643000000000001,3.0409000000000006
-6.633000000000001,3.3986000000000005
-6.623000000000001,3.7569999999999997
-6.6129999999999995,4.129500000000001
-6.603,4.5022
-6.593,4.8629999999999995
-6.583,5.216099999999997
-6.573,5.544100000000001
-6.563000000000001,5.8409
-6.553000000000001,6.1061000000000005
-6.543000000000001,6.345899999999997
-6.533000000000001,6.512100000000002
-6.523,6.6480000000000015
-6.513,6.7330000000000005
-6.503,6.770999999999998
-6.493,6.742999999999999
-6.4830000000000005,6.671999999999998
-6.473000000000001,6.554000000000002
-6.463000000000001,6.378999999999998
-6.453000000000001,6.177900000000004
-6.443,5.936899999999998
-6.433,5.672099999999999
-6.423,5.389600000000001
-6.413,5.0988000000000016
-6.4030000000000005,4.801299999999998
-6.393000000000001,4.509900000000001
-6.383000000000001,4.2344
-6.373000000000001,3.9802000000000004
-6.3629999999999995,3.757000000000001
-6.353,3.5726
-6.343,3.4344
-6.333,3.348100000000001
-6.323,3.3211000000000004
-6.313000000000001,3.356600000000001
-6.303000000000001,3.4614000000000007
-6.293000000000001,3.6360999999999994
-6.283000000000001,3.8844000000000003
-6.273,4.207999999999998
-6.263,4.5944
-6.253,5.0565000000000015
-6.243,5.6017
-6.2330000000000005,6.189700000000001
-6.223000000000001,6.827200000000001
-6.213000000000001,7.525000000000001
-6.203000000000001,8.240900000000003
-6.193,8.975999999999997
-6.183,9.726600000000001
-6.173,10.467000000000004
-6.163,11.188400000000003
-6.1530000000000005,11.872000000000003
-6.143000000000001,12.507000000000001
-6.133000000000001,13.079000000000002
-6.123000000000001,13.576
-6.1129999999999995,13.984000000000004
-6.103,14.310000000000002
-6.093,14.529000000000002
-6.083,14.647000000000004
-6.073,14.662999999999997
-6.063000000000001,14.584999999999992
-6.053000000000001,14.407000000000005
-6.043000000000001,14.136000000000005
-6.033000000000001,13.770999999999999
-6.023,13.338
-6.013,12.849000000000002
-6.003,12.294999999999998
-5.993,11.703999999999997
-5.9830000000000005,11.076999999999996
-5.973000000000001,10.43
-5.963000000000001,9.777999999999995
-5.953000000000001,9.125000000000002
-5.943,8.4777
-5.933,7.8507
-5.923,7.246299999999999
-5.913,6.678200000000001
-5.9030000000000005,6.143600000000002
-5.893000000000001,5.6451
-5.883000000000001,5.1882
-5.873000000000001,4.772099999999999
-5.8629999999999995,4.397199999999998
-5.853,4.062399999999999
-5.843,3.7698000000000005
-5.833,3.5130000000000012
-5.823,3.2908000000000004
-5.813000000000001,3.0991000000000004
-5.803000000000001,2.9362
-5.793000000000001,2.7974
-5.783000000000001,2.6805999999999996
-5.773,2.582500000000001
-5.763,2.4988000000000006
-5.753,2.4283000000000006
-5.743,2.3691999999999998
-5.7330000000000005,2.3183000000000002
-5.723000000000001,2.275800000000001
-5.713000000000001,2.2389
-5.703000000000001,2.2072
-5.693,2.1810999999999994
-5.683,2.1602
-5.673,2.1439000000000004
-5.663,2.1349000000000005
-5.6530000000000005,2.1321000000000003
-5.643000000000001,2.1366000000000005
-5.633000000000001,2.151
-5.623000000000001,2.1760999999999995
-5.6129999999999995,2.2129999999999996
-5.603,2.2640999999999996
-5.593,2.3308999999999993
-5.583,2.414100000000001
-5.573,2.5147
-5.563000000000001,2.6343000000000005
-5.553000000000001,2.7721
-5.543000000000001,2.9281000000000006
-5.533000000000001,3.1029000000000004
-5.523,3.2941000000000007
-5.513,3.5006999999999997
-5.503,3.7207
-5.493,3.9499999999999997
-5.4830000000000005,4.185100000000001
-5.473000000000001,4.4270000000000005
-5.463000000000001,4.671700000000001
-5.453000000000001,4.911700000000001
-5.443,5.134900000000002
-5.433,5.360300000000001
-5.423,5.570099999999999
-5.413,5.7631
-5.4030000000000005,5.941600000000001
-5.393000000000001,6.095399999999998
-5.383000000000001,6.238500000000001
-5.373000000000001,6.348399999999998
-5.3629999999999995,6.456499999999998
-5.353,6.526599999999998
-5.343,6.588999999999997
-5.333,6.6259999999999994
-5.323,6.6419999999999995
-5.313000000000001,6.647999999999998
-5.303000000000001,6.630000000000003
-5.293000000000001,6.601999999999996
-5.283000000000001,6.5619999999999985
-5.273,6.504999999999999
-5.263,6.432000000000001
-5.253,6.3480000000000025
-5.243,6.250999999999998
-5.2330000000000005,6.145000000000003
-5.223000000000001,6.030000000000002
-5.213000000000001,5.9022999999999985
-5.203000000000001,5.765599999999999
-5.193,5.6236999999999995
-5.183,5.476799999999998
-5.173,5.332799999999998
-5.163,5.1881
-5.1530000000000005,5.043499999999998
-5.143000000000001,4.9039
-5.133000000000001,4.7797
-5.123000000000001,4.661899999999999
-5.1129999999999995,4.559799999999999
-5.103,4.4736
-5.093,4.396199999999998
-5.083,4.3395
-5.073,4.300200000000001
-5.063000000000001,4.275200000000002
-5.053000000000001,4.263000000000001
-5.043000000000001,4.2681000000000004
-5.033000000000001,4.2823
-5.023,4.3061
-5.013,4.338600000000001
-5.003,4.372800000000001
-4.993,4.4106
-4.9830000000000005,4.4473
-4.973000000000001,4.482
-4.963000000000001,4.513299999999999
-4.953000000000001,4.5333000000000006
-4.943,4.547000000000001
-4.933,4.551000000000001
-4.923,4.5445
-4.913,4.532800000000002
-4.9030000000000005,4.503
-4.893000000000001,4.4666
-4.883000000000001,4.4214
-4.873000000000001,4.3643
-4.8629999999999995,4.3022
-4.853,4.2343
-4.843,4.1641
-4.833,4.0863
-4.823,4.0093
-4.813000000000001,3.9356000000000004
-4.803000000000001,3.8641000000000014
-4.793000000000001,3.7987000000000015
-4.783000000000001,3.7412000000000005
-4.773,3.6935000000000002
-4.763,3.6595999999999997
-4.753,3.6399000000000012
-4.743,3.6376
-4.7330000000000005,3.6546000000000003
-4.723000000000001,3.6931999999999996
-4.713000000000001,3.7558000000000002
-4.703000000000001,3.8439999999999994
-4.693,3.9590999999999994
-4.683,4.103000000000001
-4.673,4.278800000000002
-4.663,4.490300000000002
-4.6530000000000005,4.7317
-4.643000000000001,5.014100000000001
-4.633000000000001,5.332699999999999
-4.623000000000001,5.690899999999998
-4.6129999999999995,6.081399999999999
-4.603,6.513999999999999
-4.593,6.989999999999999
-4.583,7.496
-4.573,8.044
-4.563000000000001,8.622
-4.553000000000001,9.230999999999998
-4.543000000000001,9.863000000000001
-4.533000000000001,10.516999999999998
-4.523,11.188
-4.513,11.865999999999996
-4.503,12.531000000000004
-4.493,13.201999999999998
-4.4830000000000005,13.858
-4.473000000000001,14.495999999999999
-4.463000000000001,15.109999999999996
-4.453000000000001,15.704000000000002
-4.443,16.267000000000003
-4.433,16.806
-4.423,17.323
-4.413,17.813000000000002
-4.4030000000000005,18.288999999999998
-4.393000000000001,18.755999999999997
-4.383000000000001,19.206000000000003
-4.373000000000001,19.66799999999999
-4.3629999999999995,20.126999999999995
-4.353,20.584000000000003
-4.343,21.052000000000007
-4.333,21.537999999999997
-4.323,22.019
-4.313000000000001,22.506999999999994
-4.303000000000001,22.995
-4.293000000000001,23.482999999999993
-4.283000000000001,23.950000000000006
-4.273,24.394000000000005
-4.263,24.816000000000003
-4.253,25.197000000000003
-4.243,25.535999999999998
-4.2330000000000005,25.817999999999998
-4.223000000000001,26.041999999999994
-4.213000000000001,26.202999999999992
-4.203000000000001,26.297000000000004
-4.193,26.313000000000002
-4.183,26.256
-4.173,26.130000000000006
-4.163,25.918000000000006
-4.1530000000000005,25.632
-4.143000000000001,25.273999999999997
-4.133000000000001,24.840000000000007
-4.123000000000001,24.338
-4.1129999999999995,23.771999999999995
-4.103,23.139
-4.093,22.443999999999996
-4.083,21.700000000000003
-4.073,20.912000000000006
-4.063000000000001,20.071999999999996
-4.053000000000001,19.204000000000004
-4.043000000000001,18.309000000000005
-4.033000000000001,17.389
-4.023,16.459
-4.013,15.533
-4.003,14.613999999999999
-3.9930000000000003,13.714
-3.9830000000000005,12.838
-3.9730000000000008,11.997999999999998
-3.963000000000001,11.218999999999998
-3.953000000000001,10.488000000000001
-3.9429999999999996,9.824999999999998
-3.933,9.235000000000001
-3.923,8.729000000000001
-3.9130000000000003,8.311
-3.9030000000000005,7.979
-3.8930000000000007,7.742999999999999
-3.883000000000001,7.588000000000001
-3.873000000000001,7.521000000000002
-3.8629999999999995,7.5329999999999995
-3.8529999999999998,7.634
-3.843,7.808000000000001
-3.833,8.034
-3.8230000000000004,8.325999999999995
-3.8130000000000006,8.657
-3.803000000000001,9.024
-3.793000000000001,9.411999999999997
-3.7830000000000013,9.821000000000002
-3.7729999999999997,10.238000000000003
-3.763,10.637999999999998
-3.753,11.032999999999998
-3.7430000000000003,11.404
-3.7330000000000005,11.746000000000002
-3.7230000000000008,12.056
-3.713000000000001,12.333
-3.703000000000001,12.552000000000001
-3.6929999999999996,12.740999999999996
-3.683,12.871999999999993
-3.673,12.966999999999999
-3.6630000000000003,13.003000000000002
-3.6530000000000005,13.007000000000001
-3.6430000000000007,12.961999999999998
-3.633000000000001,12.88
-3.623000000000001,12.756000000000004
-3.6129999999999995,12.602000000000007
-3.6029999999999998,12.423000000000002
-3.593,12.214000000000004
-3.583,11.984000000000004
-3.5730000000000004,11.740000000000006
-3.5630000000000006,11.475000000000003
-3.553000000000001,11.200999999999997
-3.543000000000001,10.919999999999998
-3.5330000000000013,10.629
-3.5229999999999997,10.328
-3.513,10.027000000000001
-3.503,9.724
-3.4930000000000003,9.408000000000003
-3.4830000000000005,9.102000000000006
-3.4730000000000008,8.7813
-3.463000000000001,8.471400000000001
-3.453000000000001,8.156799999999999
-3.4429999999999996,7.8407
-3.433,7.533199999999999
-3.423,7.233400000000001
-3.4130000000000003,6.929499999999999
-3.4030000000000005,6.639099999999999
-3.3930000000000007,6.358699999999998
-3.383000000000001,6.0909
-3.373000000000001,5.839199999999999
-3.3629999999999995,5.6036
-3.3529999999999998,5.3862000000000005
-3.343,5.1922999999999995
-3.333,5.0219000000000005
-3.3230000000000004,4.8733
-3.3130000000000006,4.757000000000001
-3.303000000000001,4.665000000000002
-3.293000000000001,4.605800000000001
-3.2830000000000013,4.5684
-3.2729999999999997,4.563300000000001
-3.263,4.581200000000001
-3.253,4.623400000000001
-3.2430000000000003,4.684099999999999
-3.2330000000000005,4.772400000000002
-3.2230000000000008,4.875800000000001
-3.213000000000001,4.989900000000002
-3.203000000000001,5.1168
-3.1929999999999996,5.257299999999999
-3.183,5.4101
-3.173,5.5627
-3.1630000000000003,5.7307999999999995
-3.1530000000000005,5.902300000000002
-3.1430000000000007,6.0859000000000005
-3.133,6.275599999999997
-3.123,6.477099999999999
-3.1130000000000004,6.694099999999997
-3.1030000000000006,6.923999999999999
-3.093,7.170999999999998
-3.083,7.436000000000001
-3.0730000000000004,7.7250000000000005
-3.0630000000000006,8.036999999999999
-3.053,8.371
-3.043,8.729
-3.0330000000000004,9.107999999999999
-3.0230000000000006,9.5
-3.013000000000001,9.913000000000002
-3.003,10.329000000000002
-2.9930000000000003,10.754999999999999
-2.9830000000000005,11.174000000000003
-2.9730000000000008,11.593000000000004
-2.963,11.985000000000001
-2.9530000000000003,12.361
-2.9430000000000005,12.706
-2.9330000000000007,13.009
-2.923,13.272
-2.9130000000000003,13.484000000000004
-2.9030000000000005,13.645000000000003
-2.8930000000000007,13.742999999999997
-2.883,13.782999999999998
-2.873,13.761
-2.8630000000000004,13.677000000000005
-2.8530000000000006,13.535999999999996
-2.843,13.326999999999995
-2.833,13.073000000000002
-2.8230000000000004,12.76
-2.8130000000000006,12.399999999999999
-2.803,12.012
-2.793,11.589000000000002
-2.7830000000000004,11.135999999999997
-2.7730000000000006,10.668000000000001
-2.763000000000001,10.195
-2.753,9.714999999999998
-2.7430000000000003,9.245
-2.7330000000000005,8.793000000000001
-2.7230000000000008,8.351
-2.713,7.937
-2.7030000000000003,7.559999999999999
-2.6930000000000005,7.215
-2.6830000000000007,6.898999999999998
-2.673,6.623
-2.6630000000000003,6.378999999999998
-2.6530000000000005,6.180999999999999
-2.6430000000000007,6.010000000000002
-2.633,5.876800000000002
-2.623,5.770800000000001
-2.6130000000000004,5.694200000000002
-2.6030000000000006,5.630999999999999
-2.593,5.5956
-2.583,5.576900000000001
-2.5730000000000004,5.565500000000001
-2.5630000000000006,5.562700000000001
-2.553,5.561900000000002
-2.543,5.5688
-2.5330000000000004,5.5696
-2.5230000000000006,5.560100000000001
-2.513000000000001,5.5485999999999995
-2.503,5.522999999999999
-2.4930000000000003,5.493
-2.4830000000000005,5.446699999999999
-2.4730000000000008,5.391299999999998
-2.463,5.319399999999998
-2.4530000000000003,5.2327
-2.4430000000000005,5.1358000000000015
-2.4330000000000007,5.024300000000001
-2.423,4.910600000000001
-2.4130000000000003,4.7802
-2.4030000000000005,4.6483
-2.3930000000000007,4.5142
-2.383,4.3786
-2.373,4.243800000000001
-2.3630000000000004,4.1149000000000004
-2.3530000000000006,3.9884000000000004
-2.343,3.8703000000000003
-2.333,3.7559000000000005
-2.3230000000000004,3.652099999999999
-2.3130000000000006,3.5535
-2.303,3.461
-2.293,3.3737999999999997
-2.2830000000000004,3.2885999999999997
-2.2730000000000006,3.2051
-2.263000000000001,3.1205
-2.253,3.0347999999999993
-2.2430000000000003,2.9435000000000002
-2.2330000000000005,2.8473000000000006
-2.2230000000000008,2.7454000000000005
-2.213,2.6369000000000002
-2.2030000000000003,2.5218
-2.1930000000000005,2.4011
-2.1830000000000007,2.2751000000000006
-2.173,2.1455999999999995
-2.1630000000000003,2.0134000000000003
-2.1530000000000005,1.8803
-2.1430000000000007,1.7482999999999997
-2.133,1.6189
-2.123,1.4930000000000005
-2.1130000000000004,1.3727000000000003
-2.1030000000000006,1.2585000000000004
-2.093,1.1522
-2.083,1.0534999999999999
-2.0730000000000004,0.9626999999999998
-2.0630000000000006,0.8813
-2.053,0.8083999999999996
-2.043,0.7435999999999998
-2.0330000000000004,0.6863999999999998
-2.0230000000000006,0.6373
-2.013000000000001,0.5952299999999999
-2.003,0.5604199999999998
-1.9930000000000003,0.53167
-1.9830000000000005,0.50827
-1.9730000000000008,0.48966000000000004
-1.963,0.47573000000000004
-1.9530000000000003,0.46608000000000016
-1.9430000000000005,0.45940000000000003
-1.9330000000000007,0.45602
-1.923,0.45477000000000006
-1.9130000000000003,0.45491999999999994
-1.9030000000000005,0.45679999999999993
-1.8930000000000007,0.4592499999999999
-1.883,0.4614699999999999
-1.8730000000000002,0.46392999999999995
-1.8630000000000004,0.46603999999999984
-1.8530000000000006,0.46675
-1.843,0.46609000000000006
-1.8330000000000002,0.4641400000000001
-1.8230000000000004,0.46094000000000007
-1.8130000000000006,0.45554000000000006
-1.803,0.44822999999999996
-1.7930000000000001,0.4396599999999998
-1.7830000000000004,0.42921000000000026
-1.7730000000000006,0.4170299999999999
-1.7630000000000008,0.40382999999999997
-1.7530000000000001,0.38975999999999994
-1.7430000000000003,0.37526000000000004
-1.7330000000000005,0.36001
-1.7230000000000008,0.34501
-1.713,0.33017
-1.7030000000000003,0.31605
-1.6930000000000005,0.3028
-1.6830000000000007,0.29074
-1.673,0.27990000000000004
-1.6630000000000003,0.27057999999999993
-1.6530000000000005,0.26265000000000005
-1.6430000000000007,0.25619
-1.633,0.2511
-1.6230000000000002,0.24731999999999998
-1.6130000000000004,0.24459
-1.6030000000000006,0.24274999999999997
-1.593,0.24157
-1.5830000000000002,0.24062000000000003
-1.5730000000000004,0.23981
-1.5630000000000006,0.23875999999999997
-1.553,0.23722999999999994
-1.5430000000000001,0.23505999999999996
-1.5330000000000004,0.23188999999999999
-1.5230000000000006,0.22775
-1.5130000000000008,0.22244000000000003
-1.5030000000000001,0.2159099999999999
-1.4930000000000003,0.20819000000000007
-1.4830000000000005,0.19935999999999998
-1.4730000000000008,0.18955000000000002
-1.463,0.17876999999999998
-1.4530000000000003,0.16738999999999998
-1.4430000000000005,0.1554
-1.4330000000000007,0.14323999999999995
-1.423,0.13094000000000003
-1.4130000000000003,0.11873999999999996
-1.4030000000000005,0.10700000000000001
-1.3930000000000007,0.09570199999999997
-1.383,0.085047
-1.3730000000000002,0.07516999999999999
-1.3630000000000004,0.06620799999999996
-1.3530000000000006,0.058224000000000026
-1.343,0.051142
-1.3330000000000002,0.045094
-1.3230000000000004,0.04000000000000001
-1.3130000000000006,0.035798
-1.303,0.032516
-1.2930000000000001,0.029980000000000007
-1.2830000000000004,0.028158999999999997
-1.2730000000000006,0.026955999999999994
-1.2630000000000008,0.026277999999999996
-1.2530000000000001,0.026033999999999998
-1.2430000000000003,0.026146799999999994
-1.2330000000000005,0.026515300000000002
-1.2230000000000008,0.027075999999999996
-1.213,0.027747400000000005
-1.2030000000000003,0.0284763
-1.1930000000000005,0.029199100000000002
-1.1830000000000007,0.029878599999999995
-1.173,0.030477700000000003
-1.1630000000000003,0.030961699999999995
-1.1530000000000005,0.0312997
-1.1430000000000007,0.0314747
-1.133,0.031546800000000014
-1.1230000000000002,0.03141359999999999
-1.1130000000000004,0.031165800000000004
-1.1030000000000006,0.030740199999999995
-1.093,0.030200899999999996
-1.0830000000000002,0.029528200000000004
-1.0730000000000004,0.0287427
-1.0630000000000006,0.02783610000000001
-1.053,0.0269126
-1.0430000000000001,0.0259124
-1.0330000000000004,0.0248778
-1.0230000000000006,0.023835699999999998
-1.0130000000000008,0.022802700000000002
-1.0030000000000001,0.021797200000000006
-0.9930000000000003,0.020836100000000003
-0.9830000000000005,0.019924599999999997
-0.9730000000000008,0.019077999999999994
-0.9630000000000001,0.018300499999999997
-0.9530000000000003,0.017598199999999998
-0.9430000000000005,0.016973
-0.9330000000000007,0.0164188
-0.923,0.015935400000000002
-0.9130000000000003,0.015504800000000001
-0.9030000000000005,0.015109700000000002
-0.8930000000000007,0.014745999999999997
-0.883,0.014393600000000001
-0.8730000000000002,0.0140374
-0.8630000000000004,0.013664299999999996
-0.8530000000000006,0.0132573
-0.843,0.012812300000000004
-0.8330000000000002,0.012328299999999999
-0.8230000000000004,0.011792400000000001
-0.8130000000000006,0.011201800000000001
-0.8029999999999999,0.010567299999999996
-0.7930000000000001,0.0098913
-0.7830000000000004,0.0091896
-0.7730000000000006,0.008454600000000001
-0.7630000000000008,0.007720499999999999
-0.7530000000000001,0.006979999999999999
-0.7430000000000003,0.006252400000000002
-0.7330000000000005,0.005550300000000003
-0.7230000000000008,0.004879100000000001
-0.7130000000000001,0.004249500000000001
-0.7030000000000003,0.0036675999999999996
-0.6930000000000005,0.0031392999999999994
-0.6830000000000007,0.0026662999999999995
-0.673,0.002245
-0.6630000000000003,0.0018824000000000007
-0.6530000000000005,0.0015708
-0.6430000000000007,0.00130956
-0.633,0.00109553
-0.6230000000000002,0.0009231999999999996
-0.6130000000000004,0.0007903800000000001
-0.6030000000000006,0.00068986
-0.593,0.0006191
-0.5830000000000002,0.0005726800000000002
-0.5730000000000004,0.0005473200000000001
-0.5630000000000006,0.0005379410000000001
-0.5529999999999999,0.000542432
-0.5430000000000001,0.00055617
-0.5330000000000004,0.000575158
-0.5230000000000006,0.000599777
-0.5130000000000008,0.000624666
-0.5030000000000001,0.0006494539999999999
-0.4930000000000003,0.0006724043000000002
-0.48300000000000054,0.0006895060000000001
-0.47300000000000075,0.000703275
-0.4630000000000001,0.0007112672
-0.4530000000000003,0.0007126213000000003
-0.4430000000000005,0.0007082549000000002
-0.4330000000000007,0.0007014067000000003
-0.42300000000000004,0.0006899648100000002
-0.41300000000000026,0.0006806457500000002
-0.40300000000000047,0.00067310196
-0.3930000000000007,0.0006754684899999998
-0.383,0.0006943197900000003
-0.3730000000000002,0.0007376609489999999
-0.36300000000000043,0.000820577803
-0.35300000000000065,0.000957199645
-0.34299999999999997,0.0011721447930000003
-0.3330000000000002,0.0014938862100000003
-0.3230000000000004,0.00195899147
-0.3130000000000006,0.0026150957899999986
-0.30299999999999994,0.0035237941199999998
-0.29300000000000015,0.004753122319999999
-0.28300000000000036,0.006409376950000001
-0.2730000000000006,0.0085679297
-0.2630000000000008,0.011393377969999997
-0.2530000000000001,0.015014758900000001
-0.24300000000000033,0.019583744600000005
-0.23300000000000054,0.025308918199999992
-0.22300000000000075,0.032330120999999996
-0.21300000000000008,0.040939544000000015
-0.2030000000000003,0.05119280340000001
-0.1930000000000005,0.06334711139999999
-0.18300000000000072,0.0777368732
-0.17300000000000004,0.09421769690000001
-0.16300000000000026,0.11296349239999996
-0.15300000000000047,0.13401047
-0.14300000000000068,0.157253299
-0.133,0.18266325100000005
-0.12300000000000022,0.20982555399999997
-0.11300000000000043,0.2383339080000001
-0.10300000000000065,0.26800113300000006
-0.09299999999999997,0.297923059
-0.08300000000000018,0.32782968400000007
-0.0730000000000004,0.35653547899999993
-0.06300000000000061,0.38373767300000006
-0.052999999999999936,0.408923365
-0.04300000000000015,0.4308298949999998
-0.03300000000000036,0.449214661
-0.023000000000000576,0.46294661400000003
-0.013000000000000789,0.47293892300000007
-0.0030000000000001137,0.4766621080000001
0.006999999999999673,0.4764561280000001
0.01699999999999946,0.46997202399999993
0.026999999999999247,0.4597341760000001
0.03699999999999992,0.44447190400000025
0.04699999999999971,0.424665348
0.056999999999999496,0.402435719
0.06699999999999928,0.3758036670000001
0.07699999999999996,0.34861531400000006
0.08699999999999974,0.3190774989999999
0.09699999999999953,0.289169543
0.10699999999999932,0.25906073800000007
0.11699999999999999,0.229609012
0.12699999999999978,0.201422038
0.13699999999999957,0.174845995
0.14699999999999935,0.150127754
0.15700000000000003,0.12756442499999995
0.16699999999999982,0.10709956809999999
0.1769999999999996,0.08893878409999999
0.1869999999999994,0.0731207835
0.19700000000000006,0.05955868510000001
0.20699999999999985,0.047920895100000006
0.21699999999999964,0.038142213800000005
0.22699999999999942,0.03004838750000001
0.2369999999999992,0.023408184000000002
0.2469999999999999,0.018051675
0.2569999999999997,0.013751114000000004
0.26699999999999946,0.010394143
0.27699999999999925,0.007764837000000002
0.2869999999999999,0.005746806999999997
0.2969999999999997,0.004210424
0.3069999999999995,0.0030780559999999996
0.3169999999999993,0.0022483889999999995
0.32699999999999996,0.001662376
0.33699999999999974,0.0012717950000000005
0.34699999999999953,0.001035377
0.3569999999999993,0.0009356500000000001
0.367,0.0009552299999999998
0.3769999999999998,0.0010953799999999997
0.38699999999999957,0.00136026
0.39699999999999935,0.0017676099999999998
0.40700000000000003,0.0023442800000000002
0.4169999999999998,0.003120210000000001
0.4269999999999996,0.0041416000000000005
0.4369999999999994,0.0054652
0.44700000000000006,0.007145199999999998
0.45699999999999985,0.009245100000000001
0.46699999999999964,0.0118496
0.4769999999999994,0.015025599999999998
0.4869999999999992,0.0188626
0.4969999999999999,0.023431799999999992
0.5069999999999997,0.0288048
0.5169999999999995,0.035036000000000005
0.5269999999999992,0.04221700000000001
0.5369999999999999,0.050373999999999974
0.5469999999999997,0.05946100000000002
0.5569999999999995,0.06956800000000003
0.5669999999999993,0.08056200000000001
0.577,0.09245499999999997
0.5869999999999997,0.10517800000000001
0.5969999999999995,0.118551
0.6069999999999993,0.132524
0.617,0.14691400000000004
0.6269999999999998,0.16166699999999998
0.6369999999999996,0.176651
0.6469999999999994,0.19185
0.657,0.20718000000000006
0.6669999999999998,0.22252999999999995
0.6769999999999996,0.23809
0.6869999999999994,0.25377
0.6970000000000001,0.27012
0.7069999999999999,0.28694
0.7169999999999996,0.30463000000000007
0.7269999999999994,0.3234
0.7369999999999992,0.34362
0.7469999999999999,0.36555000000000004
0.7569999999999997,0.3893699999999999
0.7669999999999995,0.41562000000000004
0.7769999999999992,0.44408
0.7869999999999999,0.4746999999999999
0.7969999999999997,0.50836
0.8069999999999995,0.5441800000000001
0.8169999999999993,0.5823599999999998
0.827,0.6228799999999999
0.8369999999999997,0.6648700000000001
0.8469999999999995,0.70868
0.8569999999999998,0.7532500000000001
0.8669999999999995,0.7987199999999999
0.8769999999999998,0.8444899999999997
0.8869999999999996,0.8897800000000002
0.8969999999999998,0.93523
0.9069999999999996,0.9797600000000001
0.9169999999999998,1.02328
0.9269999999999996,1.0653399999999997
0.9369999999999998,1.1066300000000002
0.9469999999999996,1.14645
0.9569999999999999,1.1852099999999997
0.9669999999999996,1.2227499999999998
0.9769999999999994,1.2589899999999998
0.9869999999999997,1.2947700000000002
0.9969999999999994,1.3294799999999998
1.0069999999999997,1.3641499999999995
1.0169999999999995,1.3979100000000004
1.0269999999999997,1.43154
1.0369999999999995,1.4648499999999995
1.0469999999999997,1.4980999999999995
1.0569999999999995,1.5315000000000003
1.0669999999999997,1.5652999999999997
1.0769999999999995,1.5989000000000002
1.0869999999999997,1.6335999999999997
1.0969999999999995,1.6701999999999997
1.1069999999999998,1.7084
1.1169999999999995,1.7503000000000004
1.1269999999999998,1.7973000000000001
1.1369999999999996,1.8495999999999992
1.1469999999999998,1.9102999999999999
1.1569999999999996,1.9808999999999997
1.1669999999999998,2.0641
1.1769999999999996,2.1622000000000003
1.1869999999999998,2.2771000000000003
1.1969999999999996,2.4111999999999996
1.2069999999999999,2.5685000000000002
1.2169999999999996,2.7497999999999996
1.2269999999999994,2.9570999999999983
1.2369999999999997,3.1917
1.2469999999999994,3.456
1.2569999999999997,3.7453999999999996
1.2669999999999995,4.0682
1.2769999999999997,4.4151
1.2869999999999995,4.7897
1.2969999999999997,5.190499999999998
1.3069999999999995,5.610099999999998
1.3169999999999997,6.0462000000000025
1.3269999999999995,6.4941
1.3369999999999997,6.957799999999997
1.3469999999999995,7.426100000000003
1.3569999999999998,7.891300000000001
1.3669999999999995,8.3575
1.3769999999999998,8.807900000000002
1.3869999999999996,9.2507
1.3969999999999998,9.672999999999996
1.4069999999999996,10.073
1.4169999999999998,10.449000000000003
1.4269999999999996,10.794999999999995
1.4369999999999998,11.106
1.4469999999999996,11.385000000000002
1.4569999999999999,11.625000000000004
1.4669999999999996,11.824
1.4769999999999994,11.984999999999994
1.4869999999999997,12.113000000000001
1.4969999999999994,12.201999999999998
1.5069999999999997,12.262000000000006
1.5169999999999995,12.293999999999999
1.5269999999999997,12.302999999999999
1.5369999999999995,12.296000000000003
1.5469999999999997,12.282999999999998
1.5569999999999995,12.267000000000001
1.5669999999999997,12.267000000000001
1.5769999999999995,12.274000000000001
1.5869999999999997,12.312999999999999
1.5969999999999995,12.379999999999999
1.6069999999999998,12.485000000000003
1.6169999999999995,12.639
1.6269999999999998,12.844000000000001
1.6369999999999996,13.101000000000003
1.6469999999999998,13.411000000000001
1.6569999999999996,13.767000000000001
1.6669999999999998,14.171
1.6769999999999996,14.63
1.6869999999999998,15.119999999999997
1.6969999999999996,15.635999999999996
1.7069999999999999,16.177
1.7169999999999996,16.722
1.7269999999999994,17.269000000000002
1.7369999999999997,17.796
1.7469999999999994,18.292
1.7569999999999997,18.757999999999996
1.7669999999999995,19.176000000000002
1.7769999999999997,19.532000000000007
1.7869999999999995,19.827999999999996
1.7969999999999997,20.055000000000003
1.8069999999999995,20.217000000000002
1.8169999999999997,20.309000000000005
1.8269999999999995,20.337
1.8369999999999997,20.304000000000006
1.8469999999999995,20.22099999999999
1.8569999999999998,20.096000000000004
1.8669999999999995,19.938999999999997
1.8769999999999998,19.765
1.8869999999999996,19.587
1.8969999999999998,19.409
1.9069999999999996,19.248
1.9169999999999998,19.111000000000008
1.9269999999999996,19.006999999999998
1.9369999999999998,18.948000000000004
1.9469999999999996,18.926000000000002
1.9569999999999999,18.943999999999996
1.9669999999999996,19.006
1.9769999999999994,19.100999999999996
1.9869999999999997,19.232
1.9969999999999994,19.387
2.0069999999999997,19.551
2.0169999999999995,19.727999999999998
2.0269999999999997,19.912999999999993
2.0369999999999995,20.085999999999995
2.0469999999999997,20.237999999999992
2.0569999999999995,20.369
2.0669999999999997,20.474
2.0769999999999995,20.543999999999997
2.0869999999999997,20.575
2.0969999999999995,20.573
2.1069999999999998,20.523
2.1169999999999995,20.423000000000002
2.127,20.287000000000003
2.1369999999999996,20.089000000000002
2.147,19.844000000000005
2.1569999999999996,19.539
2.167,19.178
2.1769999999999996,18.752
2.187,18.256999999999998
2.1969999999999996,17.706000000000003
2.207,17.086999999999996
2.2169999999999996,16.403
2.2269999999999994,15.658999999999995
2.2369999999999997,14.862
2.2469999999999994,14.013
2.2569999999999997,13.125000000000002
2.2669999999999995,12.2086
2.2769999999999997,11.2714
2.2869999999999995,10.328899999999999
2.2969999999999997,9.391900000000003
2.3069999999999995,8.468
2.3169999999999997,7.5787999999999975
2.3269999999999995,6.7197000000000005
2.3369999999999997,5.914600000000003
2.3469999999999995,5.154800000000001
2.3569999999999998,4.4609
2.3669999999999995,3.823
2.377,3.2527
2.3869999999999996,2.7427999999999995
2.397,2.2938
2.4069999999999996,1.9026200000000002
2.417,1.5658000000000003
2.4269999999999996,1.2786399999999998
2.437,1.03632
2.4469999999999996,0.8340600000000001
2.457,0.66675
2.4669999999999996,0.52915
2.4769999999999994,0.4175799999999999
2.4869999999999997,0.32728999999999997
2.4969999999999994,0.255436
2.5069999999999997,0.19812400000000005
2.5169999999999995,0.15294000000000002
2.5269999999999997,0.11752699999999999
2.5369999999999995,0.089855
2.5469999999999997,0.068457
2.5569999999999995,0.05188199999999999
2.5669999999999997,0.039203499999999995
2.5769999999999995,0.0294592
2.5869999999999997,0.022042800000000005
2.5969999999999995,0.0164324
2.6069999999999998,0.012173499999999999
2.6169999999999995,0.008976100000000004
2.627,0.006583399999999999
2.6369999999999996,0.00480013
2.647,0.0034772299999999996
2.6569999999999996,0.00250495
2.667,0.0017913399999999998
2.6769999999999996,0.0012694200000000003
2.687,0.000893918
2.6969999999999996,0.0006245939999999999
2.707,0.000432661
2.7169999999999996,0.000297205
2.7269999999999994,0.00020254000000000002
2.7369999999999997,0.00013659399999999997
2.7469999999999994,9.132329999999999e-05
2.7569999999999997,6.0537800000000015e-05
2.7669999999999995,3.9725800000000005e-05
2.7769999999999997,2.58207e-05
2.7869999999999995,1.66199e-05
2.7969999999999997,1.059624e-05
